GPSstart	GPSend	GMSTstart	GMSTend
1256663443.0	1256679418.0	40313.305553804035	40313.818025985674
1256682796.0	1256686818.0	40313.92639099535	40314.05541529047
1256688786.0	1256705153.0	40314.1185480137	40314.64359541256
1256710426.0	1256746767.0	40314.81275133205	40315.97855737605
1256746930.0	1256750703.0	40315.983786356686	40316.1048228225
1256751337.0	1256770339.0	40316.12516131159	40316.734738550746
1256771871.0	1256774649.0	40316.783884552766	40316.87300178097
1256774748.0	1256838392.0	40316.87617766491	40318.917854004714
1256840250.0	1256886272.0	40318.977457968	40320.453826966026
1256886276.0	1256902656.0	40320.45395528457	40320.9794197187
1256902750.0	1256926820.0	40320.98243520447	40321.754592037774
1256927025.0	1256939438.0	40321.761168363104	40322.15937288209
1256954047.0	1256970603.0	40322.62802428125	40323.15913473128
1256970733.0	1256977247.0	40323.16330508393	40323.372271831424
1256977384.0	1257002021.0	40323.376666741526	40324.16701272832
1257002690.0	1257004997.0	40324.18847400466	40324.262481724414
1257029410.0	1257070964.0	40325.04564187279	40326.378679058136
1257071316.0	1257109239.0	40326.389971089935	40327.60652711775
1257121340.0	1257148857.0	40327.99472279037	40328.87745812822
1257149047.0	1257159687.0	40328.88355325902	40329.22488058375
1257159870.0	1257185381.0	40329.230751157105	40330.049134745575
1257194399.0	1257196326.0	40330.33842890107	40330.400246359226
1257199600.0	1257246399.0	40330.505275086776	40332.006569961806
1257250973.0	1257272605.0	40332.153302215884	40332.847248897146
1257272877.0	1257288819.0	40332.85597455808	40333.36738811174
1257288867.0	1257294706.0	40333.36892793426	40333.556240927595
1257294752.0	1257295737.0	40333.55771659085	40333.58931503209
1257295774.0	1257296604.0	40333.590501978615	40333.617128076316
1257296641.0	1257300198.0	40333.61831502284	40333.73242228732
1257300265.0	1257305215.0	40333.73457162292	40333.89336582005
1257305477.0	1257321494.0	40333.90177068462	40334.41559021096
1257327978.0	1257380922.0	40334.623594569384	40336.322018806306
1257386708.0	1257388099.0	40336.50763157895	40336.55225435232
1257388150.0	1257405977.0	40336.55389041374	40337.12577408086
1257416624.0	1257422764.0	40337.46732596304	40337.664294926755
1257422793.0	1257448899.0	40337.66522523619	40338.50269620796
1257454753.0	1257465866.0	40338.69049039583	40339.04699138829
1257466536.0	1257543132.0	40339.06848474427	40341.525656526734
1257543340.0	1257544811.0	40341.53232909098	40341.579518235216
1257551712.0	1257571585.0	40341.800899801754	40342.43841840368
1257572920.0	1257608745.0	40342.481244717455	40343.630497669394
1257634739.0	1257636589.0	40344.464375721946	40344.52372304815
1257643996.0	1257657379.0	40344.76133691039	40345.19065867609
1257657505.0	1257698798.0	40345.19470071019	40346.5193651106
1257706053.0	1257713881.0	40346.75210286821	40347.003222257124
1257724228.0	1257757284.0	40347.335150248575	40348.39557468903
1257761673.0	1257784664.0	40348.53637221048	40349.27391511678
1257800073.0	1257802443.0	40349.76823022457	40349.84425896138
1257807043.0	1257809305.0	40349.99182528598	40350.06438942212
1257811313.0	1257831360.0	40350.12880533077	40350.77190578933
1257831453.0	1257834631.0	40350.774889195454	40350.876838277974
1257839632.0	1257871638.0	40351.03726853652	40352.06400935941
1257900318.0	1257924798.0	40352.98405331368	40353.769362797655
1257962248.0	1257967650.0	40354.97074515775	40355.14403935025
1257978163.0	1258068692.0	40355.48129256124	40358.38542990908
1258069525.0	1258140427.0	40358.412152245684	40360.686662582004
1258153039.0	1258184704.0	40361.091250948506	40362.10705261559
1258184806.0	1258213589.0	40362.11032473844	40363.033672895195
1258242592.0	1258243244.0	40363.96407857182	40363.98499449435
1258243302.0	1258259698.0	40363.986855113224	40364.51283282153
1258269373.0	1258288246.0	40364.82320329774	40365.428642263876
1258288293.0	1258318808.0	40365.43015000676	40366.409060092694
1258326898.0	1258330545.0	40366.66858434618	40366.78557877788
1258330892.0	1258331691.0	40366.796710411494	40366.82234204049
1258331831.0	1258332509.0	40366.8268331895	40366.84858318256
1258339983.0	1258342246.0	40367.088346380406	40367.16094259618
1258342339.0	1258409539.0	40367.16392600231	40369.31967752696
1258415638.0	1258416932.0	40369.5153312256	40369.5568422743
1258417739.0	1258430464.0	40369.58273054038	40369.99094390572
1258430517.0	1258479584.0	40369.992644126425	40371.56669561541
1258486285.0	1258498085.0	40371.78166125479	40372.16020095704
1258499897.0	1258537649.0	40372.21832925708	40373.42939966718
1258543194.0	1258545152.0	40373.60728124759	40373.670093174456
1258545160.0	1258580157.0	40373.670349811546	40374.793040825054
1258586563.0	1258592484.0	40374.99854297189	40375.18848649536
1258599533.0	1258622487.0	40375.414615848	40376.15097180777
1258629613.0	1258755055.0	40376.37957129236	40380.40370496431
1258756695.0	1258773454.0	40380.456315567	40380.99393818309
1258785203.0	1258818347.0	40381.37084182391	40382.43408927231
1258840018.0	1258840200.0	40383.129287059375	40383.13512555309
1258840747.0	1258891562.0	40383.152673113866	40384.7827998062
1258894227.0	1258922127.0	40384.868292035564	40385.76331387392
1258943028.0	1258944630.0	40386.43381034143	40386.48520191795
1258964419.0	1259013701.0	40387.120025830474	40388.700974441155
1259029684.0	1259032311.0	40389.21370325988	40389.29797646308
1259040545.0	1259071940.0	40389.56212018412	40390.56926034954
1259082845.0	1259103567.0	40390.919088777766	40391.58384299047
1259106578.0	1259113699.0	40391.680434773814	40391.90887386022
1259122155.0	1259125887.0	40392.18013926041	40392.29986046116
1259126330.0	1259137805.0	40392.314071739806	40392.68218556042
1259153976.0	1259199080.0	40393.200945350676	40394.64786524305
1259199288.0	1259216642.0	40394.65453780729	40395.21124780668
1259247678.0	1259267505.0	40396.206871382856	40396.84291432153
1259276943.0	1259294170.0	40397.145681924056	40397.6983178097
1259294442.0	1259296877.0	40397.70704347063	40397.78515738376
1259297320.0	1259298413.0	40397.79936866242	40397.83443170433
1259311044.0	1259318172.0	40398.239629583906	40398.46829322777
1259335474.0	1259340250.0	40399.023335086094	40399.1765474266
1259340643.0	1259358773.0	40399.18915472346	40399.770758520215
1259359169.0	1259365161.0	40399.78346205599	40399.9756832336
1259365338.0	1259401381.0	40399.98136132913	40401.13760764168
1259403124.0	1259423392.0	40401.19352244685	40401.84371250491
1259445222.0	1259465348.0	40402.54401095406	40403.18964570384
1259465604.0	1259469824.0	40403.1978580906	40403.3332341536
1259479311.0	1259528407.0	40403.63757365828	40405.2125554567
1259538168.0	1259547865.0	40405.52568478158	40405.83676100978
1259549843.0	1259559668.0	40405.900214529356	40406.21539695093
1259560273.0	1259581061.0	40406.23480513058	40406.90167659924
1259592829.0	1259607402.0	40407.27918975314	40407.74668628542
1259607628.0	1259618544.0	40407.7539362831	40408.10411758732
1259625238.0	1259639682.0	40408.31885866925	40408.78221692851
1259640165.0	1259820500.0	40408.79771139259	40414.582792511595
1259820637.0	1259853895.0	40414.5871874217	40415.654091948585
1259864451.0	1259874609.0	40415.99272458391	40416.318589524206
1259877351.0	1259880448.0	40416.40655188552	40416.50590251754
1259880531.0	1259938327.0	40416.50856512731	40418.362639757055
1259938879.0	1259966500.0	40418.380347716	40419.26641933598
1259966842.0	1259968948.0	40419.27739057142	40419.34495028438
1259968997.0	1259981885.0	40419.34652218653	40419.75996453251
1259982021.0	1259982058.0	40419.76432736297	40419.765514309496
1259982109.0	1260027914.0	40419.76715037092	40421.236558087985
1260066826.0	1260084047.0	40422.484840875586	40423.03728428341
1260145132.0	1260189345.0	40424.996868835246	40426.41520577214
1260196598.0	1260201611.0	40426.647879370474	40426.80869458466
1260203655.0	1260208971.0	40426.8742653602	40427.044800704025
1260209077.0	1260220416.0	40427.048201145415	40427.41195213557
1260220440.0	1260223278.0	40427.41272204683	40427.50376405318
1260223318.0	1260281149.0	40427.505047238614	40429.3602446556
1260286594.0	1260376861.0	40429.534918272446	40432.430650755705
1260376900.0	1260382850.0	40432.431901861506	40432.62277569441
1260388794.0	1260427016.0	40432.81345704951	40434.03960488843
1260433875.0	1260572984.0	40434.25963911026	40438.722205164464
1260573057.0	1260582254.0	40438.72454697787	40439.01958338817
1260582318.0	1260606313.0	40439.02163648487	40439.79138734549
1260606397.0	1260633523.0	40439.794082034896	40440.664274235154
1260661094.0	1260703278.0	40441.54874187334	40442.90198922923
1260703366.0	1260703661.0	40442.90481223718	40442.91427572974
1260703702.0	1260709026.0	40442.9155909948	40443.086382975715
1260709338.0	1260709663.0	40443.09639182208	40443.10681770371
1260710113.0	1260710581.0	40443.12125353981	40443.13626680936
1260711056.0	1260711320.0	40443.15150463636	40443.1599736602
1260712922.0	1260713103.0	40443.211365236726	40443.2171716508
1260723947.0	1260738008.0	40443.565043221235	40444.01611497999
1260746843.0	1260747917.0	40444.29953856213	40444.333992090964
1260755941.0	1260859341.0	40444.591399088495	40447.9084334285
1260867223.0	1260878265.0	40448.16128511775	40448.51550845607
1260885560.0	1260886519.0	40448.74952939911	40448.78029376982
1260888399.0	1260889487.0	40448.8406034851	40448.87550612883
1260891458.0	1260891538.0	40448.93873509096	40448.94130146182
1260892408.0	1260892536.0	40448.96921074495	40448.97331693833
1260892875.0	1260899966.0	40448.98419193486	40449.211668632204
1260907053.0	1260909322.0	40449.439017011	40449.51180570459
1260911476.0	1260914497.0	40449.58090524007	40449.67781781977
1260919265.0	1260923252.0	40449.83077352319	40449.958675031055
1260923355.0	1261012486.0	40449.96197923354	40452.821269250555
1261013054.0	1261025795.0	40452.83949048368	40453.2482171232
1261025895.0	1261085489.0	40453.251425086775	40455.163178901654
1261085612.0	1261153129.0	40455.167124696854	40457.333045466046
1261163605.0	1261163847.0	40457.669111730516	40457.67687500238
1261177552.0	1261179923.0	40458.116526410784	40458.192587227226
1261185694.0	1261237522.0	40458.377718805335	40460.040342168715
1261238362.0	1261244489.0	40460.067289062776	40460.263840991225
1261261952.0	1261280295.0	40460.82404767091	40461.41248443008
1261298290.0	1261341865.0	40461.989757476	40463.38762760527
1261352283.0	1261414438.0	40463.721833250864	40465.71574301298
1261422140.0	1261491412.0	40465.962820367786	40468.18504089778
1261497071.0	1261566501.0	40468.36657955668	40470.59386866912
1261571704.0	1261582822.0	40470.7607790141	40471.11744040474
1261588010.0	1261637351.0	40471.28386955518	40472.86671086438
1261637448.0	1261644739.0	40472.86982258905	40473.10371521355
1261649174.0	1261673361.0	40473.245988398245	40474.02189854894
1261675967.0	1261700872.0	40474.10549807979	40474.90444140897
1261705825.0	1261828598.0	40475.06333184501	40479.001844969054
1261965623.0	1261965933.0	40483.39755706228	40483.40750174937
1261965981.0	1262038002.0	40483.40904157189	40485.719449020646
1262044909.0	1262089007.0	40485.941023065	40487.35567084378
1262089416.0	1262106332.0	40487.36879141482	40487.91145053373
1262111475.0	1262122849.0	40488.076436100564	40488.44130987796
1262123147.0	1262127565.0	40488.45086960943	40488.59259744032
1262138770.0	1262158757.0	40488.952049759275	40489.593225439676
1262158845.0	1262159745.0	40489.59604844762	40489.62492011983
1262159848.0	1262190799.0	40489.62822432232	40490.62112112945
1262190910.0	1262212569.0	40490.62468196902	40491.31949480045
1262212718.0	1262275794.0	40491.324274666185	40493.34772977286
1262280765.0	1262312837.0	40493.50719764234	40494.53605572119
1262312887.0	1262343985.0	40494.537659702975	40495.53527221657
1262349768.0	1262383104.0	40495.72078875031	40496.790195488786
1262397225.0	1262404611.0	40497.24319202568	40497.480132215576
1262430737.0	1262432842.0	40498.31824478006	40498.38577241338
1262470540.0	1262525732.0	40499.59511052314	40501.365649781306
1262536296.0	1262558749.0	40501.70453905372	40502.424823115965
1262592123.0	1262595530.0	40503.4954488806	40503.604744199714
1262603825.0	1262638921.0	40503.87084477854	40504.996711675994
1262640993.0	1262688492.0	40505.06318068134	40506.58693130142
1262688611.0	1262714472.0	40506.59074877808	40507.42036023907
1262714944.0	1262718768.0	40507.43550182716	40507.558174354395
1262735573.0	1262738316.0	40508.097272633735	40508.18526707469
1262746233.0	1262762284.0	40508.43924155119	40508.95415178515
1262791107.0	1262817505.0	40509.87878312734	40510.72562135274
1262828631.0	1262844407.0	40511.08253938047	40511.58862771459
1262844473.0	1262858860.0	40511.590744970556	40512.05227469057
1262863942.0	1262878245.0	40512.21530339962	40512.67413843023
1262884040.0	1262893102.0	40512.8600399196	40513.15074557906
1262898851.0	1262919680.0	40513.33517140518	40514.00335813892
1262919719.0	1262987419.0	40514.004609244716	40516.176400587254
1262998108.0	1263012337.0	40516.51929981414	40516.975760951704
1263012448.0	1263051933.0	40516.979321791274	40518.24598621019
1263074525.0	1263141237.0	40518.9707293418	40521.11082600419
1263158886.0	1263159361.0	40521.676999496136	40521.69223732313
1263163421.0	1263164025.0	40521.82248064441	40521.841856744424
1263167844.0	1263174607.0	40521.96436887348	40522.181323450284
1263180070.0	1263229176.0	40522.35657450057	40523.931877095354
1263234761.0	1263263355.0	40524.1110418612	40525.02832696679
1263269365.0	1263271936.0	40525.22112557785	40525.30360232145
1263272009.0	1263330216.0	40525.30594413486	40527.17320349491
1263332913.0	1263398912.0	40527.25972227262	40529.37694615469
1263399288.0	1263438973.0	40529.38900809774	40530.66208844381
1263439188.0	1263478731.0	40530.668985565506	40531.93751060329
1263508248.0	1263514217.0	40532.88440521271	40533.0758885587
1263522105.0	1263528542.0	40533.32893272576	40533.5354293413
1263532867.0	1263571805.0	40533.674173766056	40534.923290624196
1263583492.0	1263591014.0	40535.2982053276	40535.53950834796
1263595628.0	1263615146.0	40535.68752378746	40536.31365411868
1263620637.0	1263649063.0	40536.48980339877	40537.40169912555
1263677338.0	1263677640.0	40538.30875082733	40538.31843887734
1263677815.0	1263683243.0	40538.324052813594	40538.49818107663
1263688619.0	1263787665.0	40538.6706411986	40541.848000804406
1263787796.0	1263794436.0	40541.8522032367	40542.0652120183
1263807999.0	1263812452.0	40542.500308118426	40542.64315873657
1263812514.0	1263833088.0	40542.64514767399	40543.3051541006
1263833097.0	1263850495.0	40543.30544281732	40543.86356432068
1263857147.0	1263867163.0	40544.076958057914	40544.39826768992
1263881127.0	1263925290.0	40544.846227724	40546.2629606791
1263931377.0	1263937091.0	40546.45822942212	40546.641532460984
1263946513.0	1263972352.0	40546.943786789336	40547.77269249834
1263972430.0	1264044985.0	40547.77519470994	40550.1027326842
1264055491.0	1264070749.0	40550.439761337744	40550.92923242053
1264077787.0	1264106086.0	40551.15500889717	40552.06283051021
1264110957.0	1264131592.0	40552.21909041611	40552.8810537005
1264171464.0	1264186813.0	40554.16013293846	40554.652523268094
1264193062.0	1264216232.0	40554.852988912106	40555.59627407321
1264221877.0	1264250849.0	40555.777363617206	40556.70677482513
1264256425.0	1264261585.0	40556.885650874254	40557.05118179489
1264297924.0	1264370267.0	40558.21692367963	40560.537660771115
1264392987.0	1264403179.0	40561.26651009611	40561.593465744016
1264409744.0	1264436140.0	40561.804068552934	40562.65084261908
1264442607.0	1264452560.0	40562.85830162369	40563.177590238636
1264454643.0	1264457418.0	40563.24441211997	40563.33343310928
1264462727.0	1264469840.0	40563.50374389565	40563.731926344975
1264477009.0	1264521216.0	40563.961905253906	40565.380049712985
1264521591.0	1264526137.0	40565.392079576406	40565.537913600674
1264531957.0	1264535208.0	40565.72461708094	40565.828907976866
1264542917.0	1264568467.0	40566.07620988912	40566.89584458339
1264568681.0	1264571417.0	40566.90270962545	40566.99047950895
1264572039.0	1264591699.0	40567.01043304241	40567.64111868191
1264597197.0	1264703538.0	40567.81749251945	40571.22887306829
1264703820.0	1264734208.0	40571.237919525585	40572.21275549777
1264734278.0	1264784410.0	40572.215001072276	40573.82321737337
1264784617.0	1264791613.0	40573.82985785798	40574.05428698992
1264794808.0	1264809614.0	40574.15678142625	40574.63175251366
1264809643.0	1264866326.0	40574.632682823096	40576.45105281821
1264897151.0	1264904061.0	40577.43990759124	40577.661577874496
1264908177.0	1264934798.0	40577.793617655385	40578.64760963957
1264938865.0	1264947697.0	40578.778077518306	40579.061404861546
1264950071.0	1264951103.0	40579.1375619169	40579.170668101026
1264951532.0	1264982347.0	40579.18443026477	40580.17296424144
1264988059.0	1265045316.0	40580.35620312104	40582.19298682709
1265045418.0	1265047500.0	40582.19625894994	40582.263048751636
1265054157.0	1265060484.0	40582.47660288705	40582.67957074265
1265064926.0	1265067935.0	40582.8220684848	40582.91859610887
1265080011.0	1265098299.0	40583.30598979059	40583.892662169805
1265098394.0	1265130933.0	40583.8957097352	40584.93954900396
1265138874.0	1265150428.0	40585.194293391716	40585.56494150356
1265161162.0	1265161286.0	40585.90928431405	40585.91326218889
1265175537.0	1265212294.0	40586.370429078444	40587.54958025093
1265218952.0	1265242703.0	40587.76316646598	40588.52508989548
1265243668.0	1265318151.0	40588.55604674401	40590.945434256064
1265325621.0	1265327636.0	40591.18506913537	40591.24970960147
1265327778.0	1265357502.0	40591.25426490975	40592.20780000378
1265357734.0	1265386839.0	40592.21524247928	40593.148920278756
1265387098.0	1265393670.0	40593.15722890443	40593.36805627079
1265403595.0	1265409033.0	40593.68644665594	40593.860895715334
1265415177.0	1265459527.0	40594.05799299759	40595.48072484458
1265471737.0	1265472044.0	40595.8724171975	40595.88226564568
1265495178.0	1265520836.0	40596.6243959399	40597.44749523483
1265521080.0	1265522804.0	40597.45532266596	40597.51062795805
1265527152.0	1265572714.0	40597.65011021444	40599.111722580004
1265575319.0	1265583484.0	40599.19529003122	40599.45722025739
1265589745.0	1265613274.0	40599.65807085703	40600.412872607376
1265617929.0	1265625701.0	40600.56220331195	40600.81152624126
1265638014.0	1265647992.0	40601.20652279666	40601.52661340251
1265648036.0	1265649815.0	40601.52802490648	40601.58509457854
1265655334.0	1265659477.0	40601.76214208843	40601.89504801948
1265662516.0	1265670791.0	40601.992538032624	40602.257997018736
1265673067.0	1265685544.0	40602.33101026978	40602.73126788545
1265685643.0	1265695872.0	40602.73444376939	40603.06258636382
1265696078.0	1265724845.0	40603.06919476879	40603.992029651374
1265729680.0	1265747426.0	40604.147134690385	40604.716419906996
1265754706.0	1265756560.0	40604.9499596555	40605.00943530024
1265757641.0	1265769517.0	40605.044113386524	40605.42509114109
1265777645.0	1265798519.0	40605.685834420736	40606.35546473808
1265802911.0	1265833014.0	40606.49635849844	40607.46205177443
1265852907.0	1265939075.0	40608.100211969075	40610.86445002526
1265944330.0	1266001217.0	40611.0330285113	40612.85794275211
1266003203.0	1266048005.0	40612.92165290878	40614.35888475115
1266053015.0	1266076129.0	40614.519603726425	40615.26109242792
1266115342.0	1266148888.0	40616.5190311859	40617.59517464789
1266149077.0	1266155520.0	40617.601237699055	40617.807926792404
1266155627.0	1266179877.0	40617.81135931343	40618.589290481184
1266179906.0	1266183768.0	40618.59022079062	40618.714112344016
1266191467.0	1266193830.0	40618.96109345991	40619.03689763927
1266196024.0	1266216960.0	40619.10728036018	40619.77889961494
1266216988.0	1266256462.0	40619.77979784474	40621.04610938766
1266268142.0	1266269393.0	40621.42079953361	40621.46093115798
1266271769.0	1266274865.0	40621.5371523726	40621.63647092498
1266280137.0	1266359523.0	40621.80559476483	40624.352268731134
1266362166.0	1266436886.0	40624.43705520851	40626.83404559425
1266446637.0	1266515968.0	40627.14685412277	40629.37096735128
1266515973.0	1266519668.0	40629.37112774945	40629.489662003674
1266546878.0	1266599045.0	40630.36254889334	40632.036047253256
1266599286.0	1266606012.0	40632.04377844548	40632.25954607576
1266611579.0	1266620832.0	40632.43813340816	40632.73496627807
1266621643.0	1266624188.0	40632.76098286269	40632.84262553576
1266624317.0	1266626311.0	40632.846763808775	40632.910730602525
1266635222.0	1266635738.0	40633.19659223699	40633.21314532906
1266635759.0	1266635809.0	40633.21381900141	40633.2154229832
1266635824.0	1266675790.0	40633.215904177734	40634.497998901454
1266675831.0	1266680717.0	40634.499314166525	40634.65605526696
1266706803.0	1266711494.0	40635.49288464601	40635.64337021747
1266711553.0	1266739258.0	40635.64526291598	40636.53402922536
1266739278.0	1266762903.0	40636.53467081807	40637.29255221346
1266763004.0	1266768050.0	40637.29579225667	40637.45766609884
1266768090.0	1266776629.0	40637.45894928427	40637.73287729422
1266776779.0	1266789705.0	40637.73768923959	40638.15235061173
1266792212.0	1266837777.0	40638.232774258635	40639.69448286311
1266837872.0	1266873246.0	40639.69753042851	40640.832315464715
1266887896.0	1266887913.0	40641.30228212894	40641.302827482745
1266888583.0	1266914068.0	40641.32432083872	40642.14187035666
1266921317.0	1266945266.0	40642.374415636456	40643.14269083383
1266952264.0	1266957643.0	40643.36718412505	40643.539740485925
1266964917.0	1267145362.0	40643.773087756614	40649.56169763556
1267145389.0	1267210813.0	40649.56256378572	40651.66134187722
1267216923.0	1267222131.0	40651.85734845186	40652.02441919502
1267222439.0	1267236878.0	40652.034299722836	40652.497497583914
1267237069.0	1267285575.0	40652.50362479435	40654.059679607664
1267338920.0	1267342629.0	40655.77096777853	40655.88995114765
1267354670.0	1267378461.0	40656.27622204212	40657.039428657044
1267379747.0	1267388779.0	40657.08068306866	40657.370426339054
1267400780.0	1267444164.0	40657.75541404809	40659.14715696692
1267448980.0	1267459881.0	40659.30165249285	40659.65135260253
1267465110.0	1267482859.0	40659.819097018044	40660.388478473564
1267482925.0	1267503404.0	40660.39059572952	40661.04755459073
1267508461.0	1267552952.0	40661.20978130889	40662.63703638453
1267557865.0	1267567104.0	40662.794643635134	40663.09102739014
1267572890.0	1267588559.0	40663.27664016278	40663.77929597587
1267593503.0	1267603412.0	40663.937897695185	40664.255774806166
1267603503.0	1267638167.0	40664.25869405302	40665.370702547814
1267640995.0	1267736468.0	40665.46142375781	40668.524162824964
1267736564.0	1267746535.0	40668.52724247	40668.8471085184
1267746617.0	1267758088.0	40668.84973904853	40669.2177245506
1267764710.0	1267771079.0	40669.43015589876	40669.63447109907
1267777100.0	1267795251.0	40669.82762258612	40670.40990005522
1267802622.0	1267812024.0	40670.64635905058	40670.94797178622
1267817831.0	1267820084.0	40671.13425823121	40671.206533650635
1267820220.0	1267825274.0	40671.2108964811	40671.37302696035
1267826248.0	1267841230.0	40671.4042725256	40671.88488962891
1267843651.0	1267886368.0	40671.96255442714	40673.3329002289
1267909086.0	1267912932.0	40674.061685394634	40674.18506367385
1267919589.0	1267976689.0	40674.39861780927	40676.230365012496
1267982915.0	1267984297.0	40676.430092824885	40676.47442688154
1267987350.0	1267989621.0	40676.57236600958	40676.645218862446
1268005050.0	1268069087.0	40677.140175562956	40679.194459199614
1268076636.0	1268123676.0	40679.436628370146	40680.9456544374
1268140943.0	1268152679.0	40681.499573508474	40681.876060114024
1268161279.0	1268171700.0	40682.151944981764	40682.48624686626
1268174086.0	1268198470.0	40682.56278887724	40683.34501871619
1268199249.0	1268208095.0	40683.37000875246	40683.6537852106
1268208177.0	1268218110.0	40683.656415740734	40683.97506276297
1268223470.0	1268264960.0	40684.14700961077	40685.477993699424
1268264980.0	1268330011.0	40685.478635292144	40687.564806086775
1268347570.0	1268418614.0	40688.1280924115	40690.40715805609
1268428757.0	1268456662.0	40690.732541801844	40691.627724038386
1268456758.0	1268460420.0	40691.630803683416	40691.74827930966
1268473200.0	1268482380.0	40692.15825705497	40692.452748111464
1268487096.0	1268490335.0	40692.604035673816	40692.70794161412
1268514076.0	1268515138.0	40693.46954424725	40693.50361282046
1268525568.0	1268533518.0	40693.83820342168	40694.093236526154
1268533558.0	1268560189.0	40694.09451971159	40694.94883249213
1268560271.0	1268560361.0	40694.95146302227	40694.95435018949
1268560443.0	1268560588.0	40694.956980719624	40694.961632266815
1268561576.0	1268570695.0	40694.99332694697	40695.285861145676
1268580830.0	1268590589.0	40695.61098825434	40695.92405341995
1268590632.0	1268604731.0	40695.92543284429	40696.3777236292
1268610280.0	1268611350.0	40696.55573352816	40696.59005873845
1268614227.0	1268681642.0	40696.6823518506	40698.84500049694
1268684520.0	1268760648.0	40698.93732568873	40701.37948420165
1268768240.0	1268774132.0	40701.62303279652	40701.81204601055
1268774207.0	1268789926.0	40701.814451983235	40702.31871177811
1268796613.0	1268825454.0	40702.5332283026	40703.45843707823
1268825843.0	1268840534.0	40703.47091605655	40703.942197985845
1268840752.0	1268930493.0	40703.949191346444	40706.82804994129
1268935770.0	1268953675.0	40706.997334179316	40707.57172005802
1268963390.0	1268982912.0	40707.883373719655	40708.509632369416
1268983007.0	1269021617.0	40708.51267993482	40709.75127467242
1269027017.0	1269035369.0	40709.92450470565	40710.19243382371
1269035504.0	1269086579.0	40710.19676457454	40711.83523197218
1269091658.0	1269096522.0	40711.998164442324	40712.15419979078
1269114550.0	1269140331.0	40712.73253146468	40713.55957655481
1269155510.0	1269198848.0	40714.046513346366	40715.43678060195
1269198850.0	1269220459.0	40715.43684476122	40716.13005361087
1269229591.0	1269277120.0	40716.423004844844	40717.947717854
1269288626.0	1269296489.0	40718.31682614332	40718.569068319484
1269296653.0	1269299246.0	40718.57432937975	40718.65751187534
1269305892.0	1269363618.0	40718.870713134755	40720.72254218999
