#GPSstart GPSend GMSTstart GMSTend
1164600796.0 1164604307.0 38932.949701249374 38933.205727439
1164664646.0 1164665296.0 38937.605717223254 38937.65311597739
1164667196.0 1164667800.0 38937.791666178215 38937.83571055672
1164683452.0 1164686894.0 38938.977072532994 38939.22806716063
1164686978.0 1164700285.0 38939.23419253699 38940.20455439394
1164700371.0 1164710983.0 38940.210825614755 38940.984664947406
1164711301.0 1164720689.0 38941.00785387621 38941.69243771376
1164736109.0 1164737113.0 38942.816881979124 38942.89009482127
1164737230.0 1164740204.0 38942.89862659748 38943.115494123194
1164753652.0 1164755132.0 38944.09613786346 38944.204061176584
1164755242.0 1164756097.0 38944.21208250452 38944.2744300943
1164756278.0 1164756398.0 38944.28762882576 38944.296379364256
1164756505.0 1164756770.0 38944.30418192698 38944.3235060348
1164757095.0 1164758203.0 38944.34720541187 38944.42800205445
1164769702.0 1164770018.0 38945.266522455975 38945.28956554324
1164770145.0 1164776579.0 38945.298826530016 38945.76800126592
1164777977.0 1164782047.0 38945.8699450442 38946.1667341604
1164786172.0 1164791079.0 38946.46753393911 38946.82535806256
1164791282.0 1164793478.0 38946.840161059605 38947.00029592363
1164811952.0 1164812491.0 38948.34744140509 38948.38674591053
1164815676.0 1164816998.0 38948.61899979939 38948.71540157328
1164817017.0 1164818182.0 38948.71678707364 38948.80174022318
1164820071.0 1164823070.0 38948.93948829267 38949.158178846264
1164823146.0 1164825365.0 38949.16372085359 38949.32553290691
1164825425.0 1164826379.0 38949.32990817615 38949.399474959624
1164828755.0 1164829601.0 38949.572735634334 38949.634426934324
1164829658.0 1164833253.0 38949.63858343835 38949.90073500435
1165066621.0 1165071622.0 38966.91819993236 38967.28287864861
1165116072.0 1165116239.0 38970.524224144814 38970.53640197972
1165116670.0 1165117344.0 38970.56783099874 38970.61697986001
1165117370.0 1165136319.0 38970.61887580864 38972.00065884324
1165142536.0 1165142571.0 38972.45400968554 38972.45656192692
1165142623.0 1165155683.0 38972.46035382713 38973.41270415585
1165155711.0 1165161123.0 38973.41474594895 38973.80939526016
1165161143.0 1165171827.0 38973.810853681294 38974.58994334115
1165171922.0 1165178869.0 38974.596870851776 38975.10345413862
1165178910.0 1165191024.0 38975.1064439075 38975.9898108218
1165191086.0 1165191419.0 38975.99433193257 38976.01861467868
1165191481.0 1165192467.0 38976.023135789466 38976.09503605201
1165193311.0 1165197631.0 38976.15658151046 38976.471600917175
1165207624.0 1165208522.0 38977.20030205401 38977.265785254196
1165209610.0 1165211014.0 38977.34512347564 38977.447504781434
1165221253.0 1165226051.0 38978.19414452278 38978.54402024199
1165229999.0 1165230438.0 38978.831912975234 38978.863925363294
1165232738.0 1165234254.0 38979.03164402776 38979.14219250594
1165237669.0 1165240617.0 38979.39121826125 38979.60618983833
1165309002.0 1165309290.0 38984.59290326511 38984.613904559286
1165341122.0 1165343066.0 38986.93513087712 38987.07688960912
1165372614.0 1165374017.0 38989.23156400351 38989.33387238853
1165374029.0 1165374037.0 38989.33474744355 38989.3353308126
1165374049.0 1165376278.0 38989.33620586469 38989.498747128564
1165385939.0 1165416478.0 38990.20323844004 38992.43017770079
1165441494.0 1165445047.0 38994.25437340457 38994.51346228091
1165447384.0 1165448948.0 38994.68387902827 38994.79792772069
1165449275.0 1165449444.0 38994.82177293929 38994.83409661572
1165453495.0 1165456312.0 38995.12950022863 38995.33491913293
1165459287.0 1165462288.0 38995.55185957942 38995.77069597454
1165464183.0 1165465529.0 38995.908881571544 38996.00703344959
1165471951.0 1165473451.0 38996.47533313048 38996.58471486765
1165482091.0 1165486470.0 38997.21475367814 38997.53407543042
1165495987.0 1165497692.0 38998.22806609627 38998.35239667202
1165502897.0 1165502934.0 38998.73195130315 38998.734649386046
1165515176.0 1165515180.0 38999.62735020788 38999.627641893865
1165531683.0 1165533089.0 39000.83105977392 39000.93358692124
1165536840.0 1165537768.0 39001.207114187884 39001.274785022695
1165560592.0 1165564888.0 39002.93913754549 39003.252406842155
1165564913.0 1165566144.0 39003.25422987297 39003.34399581927
1165578351.0 1165591469.0 39004.234144399736 39005.1907241591
1165593870.0 1165594449.0 39005.36580785877 39005.4080292094
1165597228.0 1165598120.0 39005.61067711005 39005.675722782726
1165618017.0 1165624798.0 39007.1266350762 39007.62111345184
1165626214.0 1165645273.0 39007.72436981264 39009.114174172246
1165654827.0 1165671638.0 39009.810862921004 39011.036740519296
1165702039.0 1165702624.0 39013.25361665901 39013.296275537155
1165702825.0 1165702827.0 39013.31093268974 39013.31107853125
1165703030.0 1165715197.0 39013.325881528304 39014.21311326356
1165715236.0 1165717877.0 39014.215957188 39014.408541967605
1165727654.0 1165728496.0 39015.12149213747 39015.182891751465
1165728661.0 1165729094.0 39015.19492374191 39015.22649860539
1165729211.0 1165730211.0 39015.23503037868 39015.307951537776
1165730238.0 1165751642.0 39015.30992041011 39016.87072488611
1165753461.0 1165754544.0 39017.00336847578 39017.08234209048
1165759692.0 1165760979.0 39017.45774021464 39017.55158974421
1165764858.0 1165765381.0 39017.834450918395 39017.872588685765
1165766257.0 1165769188.0 39017.93646762037 39018.150199535674
1165776564.0 1165781559.0 39018.68806600001 39019.05230718875
1165794104.0 1165797974.0 39019.967103122064 39020.24930800645
1165804250.0 1165806691.0 39020.70696119725 39020.88496174504
1165813743.0 1165819029.0 39021.399201755994 39021.78466299826
1165822045.0 1165822892.0 39022.004593213635 39022.06635743437
1165823191.0 1165823931.0 39022.088160859865 39022.14212251789
1165824158.0 1165829542.0 39022.15867562205 39022.55128314016
1165831528.0 1165842930.0 39022.69610455887 39023.52755160824
1165844729.0 1165852715.0 39023.658736773854 39024.24108514715
1165853118.0 1165855618.0 39024.270472373064 39024.45277526935
1165866333.0 1165879420.0 39025.234125481664 39026.18844468565
1165889250.0 1165891501.0 39026.90525967356 39027.06940520302
1165892400.0 1165901544.0 39027.13496132399 39027.80175239561
1165901908.0 1165923574.0 39027.82829570004 39029.40820551864
1165929865.0 1165930213.0 39029.86695252968 39029.892329090166
1165930319.0 1165932774.0 39029.90005873505 39030.07908017939
1165942401.0 1165949514.0 39030.781092173194 39031.29978037417
1165957050.0 1165967636.0 39031.84931422221 39032.62125760914
1165973419.0 1165981022.0 39033.042960667204 39033.5973802357
1165986498.0 1165987880.0 39033.99669650216 39034.09747354235
1165989595.0 1165990327.0 39034.222533328655 39034.27591161765
1165990476.0 1165990565.0 39034.286776870016 39034.293266853136
1165991982.0 1165992889.0 39034.39659613471 39034.4627356247
1165994149.0 1165994763.0 39034.55461628487 39034.59938987689
1165996695.0 1165997700.0 39034.74027355385 39034.8135593197
1165999733.0 1166000635.0 39034.96180803481 39035.02758291805
1166272292.0 1166273631.0 39054.8371260891 39054.93476751889
1166335797.0 1166337592.0 39059.467984261835 39059.59887774146
1166338853.0 1166342773.0 39059.6908313224 39059.97668226547
1166344678.0 1166345564.0 39060.1155970701 39060.1802052182
1166358061.0 1166360599.0 39061.09150093729 39061.27657483723
1166362909.0 1166364482.0 39061.44502271226 39061.55972769447
1166365851.0 1166368401.0 39061.65955676182 39061.84550571678
1166387430.0 1166394981.0 39063.23312244176 39063.78375011004
1166395039.0 1166395080.0 39063.78797953777 39063.790969303715
1166398760.0 1166402759.0 39064.05931916978 39064.35093088247
1166405056.0 1166411640.0 39064.5184307817 39064.99854369074
1166413220.0 1166414934.0 39065.113759121225 39065.238745986775
1166426598.0 1166460329.0 39066.089298381674 39068.54900197957
1166470232.0 1166482852.0 39069.27114021251 39070.19140523241
1167940596.0 1167942015.0 39176.49171366799 39176.59518879109
1168042713.0 1168065114.0 39183.93820361636 39185.57171048917
1168127733.0 1168141499.0 39190.13796051674 39191.141793182855
1168217448.0 1168227043.0 39196.68008225372 39197.379760771364
1168230759.0 1168253757.0 39197.65073579663 39199.327776599675
1168257440.0 1168257554.0 39199.59634522803 39199.604658239026
1168257977.0 1168258405.0 39199.63550388901 39199.66671414575
1168258508.0 1168258523.0 39199.67422502542 39199.67531884273
1168259344.0 1168259470.0 39199.73518711483 39199.744375180846
1168261760.0 1168262273.0 39199.9113646318 39199.94877318861
1168262312.0 1168274146.0 39199.95161711304 39200.81456610219
1168277984.0 1168278684.0 39201.09443751043 39201.145482320324
1168278792.0 1168280050.0 39201.15335780674 39201.24509262244
1168280194.0 1168283398.0 39201.255593270995 39201.48923266317
1168286560.0 1168287443.0 39201.71980936568 39201.784198748566
1168287559.0 1168287783.0 39201.79265760108 39201.80899194294
1168287898.0 1168288111.0 39201.81737787469 39201.83291008231
1168288141.0 1168288692.0 39201.83509771694 39201.87527727448
1168290656.0 1168291360.0 39202.01849443053 39202.069830926404
1168301794.0 1168324637.0 39202.83069029576 39204.49642831892
1168331848.0 1168347760.0 39205.022262792816 39206.18258426721
1168348105.0 1168362858.0 39206.20774206835 39207.28354792072
1168365723.0 1168366305.0 39207.49246703926 39207.53490715512
1168386624.0 1168388896.0 39209.016592174885 39209.18226904624
1168396517.0 1168399096.0 39209.738001197264 39209.92606486317
1168400092.0 1168411190.0 39209.99869433921 39210.80797335632
1168491502.0 1168500207.0 39216.664417441374 39217.29919612787
1168503785.0 1168510586.0 39217.56010803209 39218.05604483178
1168650299.0 1168651600.0 39228.24407865568 39228.33894908475
1168652839.0 1168668972.0 39228.429298400086 39229.60573545112
1168693174.0 1168695815.0 39231.37057332814 39231.56315810775
1168807996.0 1168813588.0 39239.74352659645 39240.15130171544
1168813609.0 1168817477.0 39240.15283306025 39240.43489210019
1168825165.0 1168825873.0 39240.99550996874 39241.04713814768
1168826836.0 1168833707.0 39241.11736122388 39241.61840250339
1168849240.0 1168878582.0 39242.75108685897 39244.89073949402
1168878949.0 1168883629.0 39244.917501560754 39245.25877258298
1168883786.0 1168902684.0 39245.27022120438 39246.64828525659
1168921412.0 1168940105.0 39248.013952714544 39249.377067931106
1168949178.0 1168972321.0 39250.038681605096 39251.72629597745
1168977021.0 1168978465.0 39252.0690254208 39252.174323574705
1168981271.0 1169010114.0 39252.37894034476 39254.4822053225
1169018804.0 1169024595.0 39255.115890188754 39255.53817661878
1169035114.0 1169058229.0 39256.30523428526 39257.99080686451
1169069018.0 1169075958.0 39258.77755324557 39259.28362608413
1169086767.0 1169095417.0 39260.07183088925 39260.7025989103
1169209435.0 1169218066.0 39269.01692356536 39269.64630608606
1169237106.0 1169237834.0 39271.03472494235 39271.087811548285
1169238942.0 1169241014.0 39271.16860819087 39271.3197008304
1169241197.0 1169249468.0 39271.33304540338 39271.936176305615
1169256221.0 1169272953.0 39272.42861288815 39273.64872971389
1169281141.0 1169288488.0 39274.24580816053 39274.78155991393
1169298517.0 1169305200.0 39275.512886212906 39276.00021831562
1169347116.0 1169353719.0 39279.056781594925 39279.53828000725
1169353884.0 1169357582.0 39279.5503119977 39279.81997444043
1169361481.0 1169370312.0 39280.104294038676 39280.74826079119
1169375262.0 1169376332.0 39281.109220525046 39281.18724616396
1169377877.0 1169378615.0 39281.29990935602 39281.353725169574
1169385574.0 1169386925.0 39281.861183511435 39281.959699996245
1169477758.0 1169477961.0 39288.58334759224 39288.59815058636
1169487890.0 1169489571.0 39289.32218477087 39289.4447652395
1169498393.0 1169499413.0 39290.088075699285 39290.162455279504
1169501177.0 1169503929.0 39290.29108820374 39290.49176723205
1169504717.0 1169547547.0 39290.54922910431 39293.67244232774
1169548291.0 1169561517.0 39293.72669566883 39294.69115091169
1169570982.0 1169574225.0 39295.38134967733 39295.61783299393
1169581338.0 1169584822.0 39296.136521194894 39296.3905785122
1169590976.0 1169601821.0 39296.83933532002 39297.63016528434
1169605089.0 1169616030.0 39297.868471631744 39298.66630202746
1169619328.0 1169656069.0 39298.906796009476 39301.58599229522
1169664600.0 1169664931.0 39302.20808269855 39302.23221960313
1169674283.0 1169675644.0 39302.91417827561 39303.01342397392
1169679131.0 1169680647.0 39303.26770005351 39303.37824852876
1169685350.0 1169695958.0 39303.721196737344 39304.49474438987
1169701251.0 1169731144.0 39304.88071608042 39307.060548273
1169733764.0 1169734569.0 39307.25160170779 39307.31030324181
1169736357.0 1169738879.0 39307.44068627316 39307.62459343503
1169778586.0 1169798051.0 39310.52007387745 39311.939484228205
1169803380.0 1169820370.0 39312.32808108382 39313.56701156616
1169825229.0 1169829194.0 39313.92133547539 39314.2104678704
1169831018.0 1169831300.0 39314.343476063885 39314.36403983055
1169831393.0 1169838191.0 39314.37082149671 39314.86653953412
1169843788.0 1169859177.0 39315.2746792569 39316.396862966874
1169866555.0 1169908887.0 39316.93487527567 39320.02177375962
1169949032.0 1169991719.0 39322.94919366935 39326.061979165
1169997320.0 1170003162.0 39326.470410573784 39326.89641598033
1170011701.0 1170013144.0 39327.51908975268 39327.624314985835
1170042397.0 1170042975.0 39329.75747763777 39329.799626067645
1170059392.0 1170081387.0 39330.996772726874 39332.60067360852
1170086184.0 1170090185.0 39332.950476406964 39333.24223396118
1170092664.0 1170118558.0 39333.42300551264 39335.31122599253
1170122547.0 1170130731.0 39335.60210849467 39336.19889525532
1170131948.0 1170134375.0 39336.28764030507 39336.46461995924
1170139817.0 1170145789.0 39336.861456902145 39337.2969420607
1170145969.0 1170172052.0 39337.31006787138 39339.21207044885
1170175483.0 1170176366.0 39339.46226294516 39339.52665232805
1170176558.0 1170180778.0 39339.54065319083 39339.84838047723
1170181338.0 1170181898.0 39339.889216327494 39339.930052174845
1170187011.0 1170187644.0 39340.302898060545 39340.349057152926
1170197302.0 1170197756.0 39341.05332970211 39341.08643590749
1170197989.0 1170210466.0 39341.103426539165 39342.0132638342
1170211211.0 1170211223.0 39342.06759009603 39342.06846515106
1170211872.0 1170212476.0 39342.1157909815 39342.159835362945
1170213047.0 1170223417.0 39342.20147334454 39342.95766575866
1170226173.0 1170232509.0 39343.15863647001 39343.620664933005
1170233131.0 1170234995.0 39343.66602189111 39343.80194693273
1170237258.0 1170255326.0 39343.96696751428 39345.28450700752
1170258902.0 1170283213.0 39345.545273070216 39347.31805935441
1170284487.0 1170329016.0 39347.41096091112 39350.65806717987
1170338301.0 1170342744.0 39351.335140137766 39351.65912884527
1170343306.0 1170356102.0 39351.700110537065 39352.63320968165
1170360661.0 1170368066.0 39352.96565724168 39353.505638422816
1170370054.0 1170382168.0 39353.65060568597 39354.53397260028
1170382711.0 1170386755.0 39354.57356878877 39354.8684619534
1170386804.0 1170387500.0 39354.87203509132 39354.922788218166
1170387671.0 1170388059.0 39354.93525773613 39354.96355114474
1170390525.0 1170391607.0 39355.14337472041 39355.222275414344
1170408849.0 1170412537.0 39356.479582031665 39356.74851526383
1170412717.0 1170417431.0 39356.761641071585 39357.10539141442
1170426776.0 1170436248.0 39357.786839641565 39358.477548855495
1170439061.0 1170440392.0 39358.68267607382 39358.77973413457
1170444087.0 1170444547.0 39359.04917781502 39359.0827215479
1170470864.0 1170474000.0 39361.00178767779 39361.23046843167
1170480438.0 1170481301.0 39361.69993485062 39361.76286580943
1170488670.0 1170488895.0 39362.30022182844 39362.31662908813
1170489010.0 1170504810.0 39362.32501502281 39363.47716932774
1170507083.0 1170512881.0 39363.64291911987 39364.06571599817
1170577340.0 1170577626.0 39368.76614095731 39368.78699640702
1170577681.0 1170600469.0 39368.791007072454 39370.452734433115
1170602948.0 1170615330.0 39370.63350598456 39371.536415771894
1170618968.0 1170642627.0 39371.80170294538 39373.526944636826
1170645532.0 1170654628.0 39373.73878060056 39374.40207145795
1170658154.0 1170670573.0 39374.659191464896 39375.56479933219
1170677323.0 1170689750.0 39376.057017152445 39376.96320838878
1170695269.0 1170700527.0 39377.36566026271 39377.74907971481
1170703539.0 1170704561.0 39377.968718244185 39378.04324366888
1170708413.0 1170747820.0 39378.324135970724 39381.197740066884
1170758963.0 1170772990.0 39382.010300535934 39383.03316562684
1170786113.0 1170789021.0 39383.99010999296 39384.20216472191
1170789518.0 1170802818.0 39384.238406537705 39385.20825794637
1170802899.0 1170802921.0 39385.214164560435 39385.21576882603
1170802947.0 1170814117.0 39385.21766477467 39386.032194116066
1170819742.0 1170820929.0 39386.44237563195 39386.52893304708
1170822684.0 1170823760.0 39386.65690968151 39386.735372847936
1170827432.0 1170827651.0 39387.003139342036 39387.01910907715
1170831581.0 1170855238.0 39387.305689227855 39389.030785077775
1170860065.0 1170896417.0 39389.382775507904 39392.03360546428
1170899353.0 1170906765.0 39392.247701986336 39392.7881936128
1170910931.0 1170911531.0 39393.0919831604 39393.13573585587
1170911658.0 1170945708.0 39393.14499684264 39395.6279622901
1170952435.0 1170977668.0 39396.118502923986 39397.95852251841
1170980981.0 1171006118.0 39398.20011031775 39400.0331294808
1171012571.0 1171030633.0 39400.50368971411 39401.820791682774
1171030725.0 1171102349.0 39401.82750042819 39407.05040548851
1171105407.0 1171114636.0 39407.273398390585 39407.94638776228
1171162565.0 1171163861.0 39411.44142597196 39411.53593179427
1171164074.0 1171166744.0 39411.55146399894 39411.746163492404
1171207956.0 1171217098.0 39414.751390278754 39415.41803551179
1171219353.0 1171284212.0 39415.5824727243 39420.31206614708
1171290226.0 1171300944.0 39420.75061399235 39421.53218296989
1171324463.0 1171326992.0 39423.24721569878 39423.431633308915
1171327997.0 1171329203.0 39423.50491907476 39423.59286199025
1171331871.0 1171375246.0 39423.78741564219 39426.95037089272
1171375653.0 1171376550.0 39426.98004980464 39427.04546008407
1171377387.0 1171378054.0 39427.106495094245 39427.15513350723
1171378499.0 1171381591.0 39427.18758342281 39427.41305564551
1171381632.0 1171381634.0 39427.41604541146 39427.41619125593
1171382078.0 1171386522.0 39427.4485682478 39427.77262987901
1171388168.0 1171392588.0 39427.89265810627 39428.21496962449
1171394766.0 1171402164.0 39428.37379190891 39428.91326263884
1171402283.0 1171402975.0 39428.92194025657 39428.972401700375
1171403078.0 1171431034.0 39428.97991258004 39431.01849648598
1171442037.0 1171453421.0 39431.820847995405 39432.65098246516
1171462355.0 1171529223.0 39433.30246009441 39438.17855212518
1171529388.0 1171529650.0 39438.190584115626 39438.209689458214
1171531845.0 1171618588.0 39438.369751401486 39444.69515146015
1171620580.0 1171629790.0 39444.84041040637 39445.5120142777
1171636288.0 1171637010.0 39445.98585596588 39446.038505041375
1171643813.0 1171646620.0 39446.5345876826 39446.73927737635
1171657019.0 1171666299.0 39447.49758450432 39448.17429285546
1171672707.0 1171683064.0 39448.64157163979 39449.39681607813
1171685441.0 1171697063.0 39449.57014967067 39450.417639375926
1171700302.0 1171710464.0 39450.653831009455 39451.394855822706
1171714107.0 1171722314.0 39451.660507602945 39452.25897154995
1171745140.0 1171752780.0 39453.9234699172 39454.480587568585
1171755184.0 1171782388.0 39454.65589003347 39456.6396372293
1171784637.0 1171787504.0 39456.80363691431 39457.01270187731
1171789248.0 1171789967.0 39457.139876377485 39457.19230669068
1171792198.0 1171795515.0 39457.35499379609 39457.596873278475
1171797657.0 1171798102.0 39457.75307040075 39457.78552031634
1171800258.0 1171817992.0 39457.94273833225 39459.23592215861
1171824058.0 1171829705.0 39459.67826190702 39460.09004768851
1171851591.0 1171863777.0 39461.68600016591 39462.57461740447
1171872741.0 1171907095.0 39463.22828266834 39465.733416150964
1171907366.0 1171922679.0 39465.753177783365 39466.86981948601
1171924945.0 1171935308.0 39467.035058829846 39467.790740795695
1171940802.0 1171957198.0 39468.19136964175 39469.38698495616
1171958820.0 1171974807.0 39469.505263076295 39470.671053637256
1171978367.0 1171991975.0 39470.9306529619 39471.922964088786
1172024209.0 1172046893.0 39474.27350471179 39475.92764827201
1172058299.0 1172062784.0 39476.759387007354 39477.08643840453
1172071226.0 1172075439.0 39477.70203882471 39478.009255665784
1172080824.0 1172083130.0 39478.40193610466 39478.57009229662
1172083219.0 1172085004.0 39478.57658227973 39478.70674654587
1172087774.0 1172090427.0 39478.908738156715 39479.10219798842
1172092768.0 1172134327.0 39479.27290642174 39482.303436850765
1172138591.0 1172141670.0 39482.61437267128 39482.83889691818
1172146055.0 1172152821.0 39483.15865619797 39483.65204075629
1172154189.0 1172155618.0 39483.75179689994 39483.856001236534
1172162617.0 1172209774.0 39484.366376426515 39487.80511949909
1172214834.0 1172223899.0 39488.174100560886 39488.8351308629
1172228911.0 1172291461.0 39489.20061171047 39493.761830178984
1172297380.0 1172329436.0 39494.19345051656 39496.531011173334
1172362756.0 1172370992.0 39498.96074417626 39499.56132284006
1172371031.0 1172376219.0 39499.56416676448 39499.94248173382
1172381828.0 1172387198.0 39500.351496514566 39500.743083136134
1172388885.0 1172396328.0 39500.86610112935 39501.40885331122
1172397672.0 1172404232.0 39501.50685935068 39501.98522214967
1172410479.0 1172418810.0 39502.4407606266 39503.0482667981
1172425477.0 1172431159.0 39503.53443216273 39503.94877018558
1172447519.0 1172447703.0 39505.14176034078 39505.15517783452
1172448394.0 1172448823.0 39505.20556635462 39505.23684953213
1172448828.0 1172457787.0 39505.237214135945 39505.89051479599
1172460358.0 1172463762.0 39506.07799509578 39506.32621871976
1172470242.0 1172472788.0 39506.798747825436 39506.98440509441
1172476621.0 1172486067.0 39507.26391189589 39507.95272516118
1172486071.0 1172490030.0 39507.95301684423 39508.24171171174
1172496533.0 1172499455.0 39508.71591800668 39508.92899362925
1172523755.0 1172534020.0 39510.70097778211 39511.44951347503
1172535730.0 1172535857.0 39511.57420865753 39511.58346964431
1172536171.0 1172552349.0 39511.60636688713 39512.7860853901
1172553948.0 1172564420.0 39512.902686323905 39513.666316696916
1172570528.0 1172594838.0 39514.11171913205 39515.8844324984
1172601847.0 1172602719.0 39516.395536896016 39516.459124147565
1172602727.0 1172606429.0 39516.45970751661 39516.729661645324
1172615948.0 1172616286.0 39517.42379815272 39517.44844550557
1172619601.0 1172635044.0 39517.69017914643 39518.81630059815
1172642601.0 1172643344.0 39519.367365793936 39519.421546214246
1172644107.0 1172688165.0 39519.47718505864 39522.689945460224
1172695344.0 1172709602.0 39523.21344645797 39524.25315633607
1172712317.0 1172724664.0 39524.451137281474 39525.35149482743
1172728066.0 1172732300.0 39525.59957260989 39525.90832079284
1172773832.0 1172785522.0 39528.93688235246 39529.78933069599
1172803369.0 1172812068.0 39531.09075461259 39531.72509576863
1172818798.0 1172822370.0 39532.21585516775 39532.47632954446
1172826558.0 1172849135.0 39532.78172335765 39534.42806435515
1172854767.0 1172854797.0 39534.83875631932 39534.84094395393
1172878203.0 1172934078.0 39536.54773658965 39540.6222063245
1172965988.0 1172973751.0 39542.94912049413 39543.51520744925
1172977198.0 1172979427.0 39543.76656668071 39543.92910794458
1172986824.0 1172987467.0 39544.46850575376 39544.51539405962
1172987695.0 1173013564.0 39544.532020081606 39546.418417533634
1173037148.0 1173037187.0 39548.13819013557 39548.14103406294
1173038500.0 1173053153.0 39548.23677954408 39549.305293279074
1173054470.0 1173054845.0 39549.40133044621 39549.42867587904
1173059277.0 1173059717.0 39549.75186245522 39549.78394776405
1173059743.0 1173060213.0 39549.785843715625 39549.82011665907
1173061367.0 1173070654.0 39549.90426767729 39550.5814864767
1173075301.0 1173076082.0 39550.92035109908 39550.97730252306
1173076321.0 1173097636.0 39550.99473068224 39552.549045175125
1173102377.0 1173113948.0 39552.89476438736 39553.73853511316
1173116734.0 1173121411.0 39553.941693462075 39554.28274571908
1173141411.0 1173141783.0 39555.74116889223 39555.76829556276
1173141793.0 1173165556.0 39555.769024773326 39557.5018502652
1173171305.0 1173171605.0 39557.92107400558 39557.94295035185
1173171730.0 1173187656.0 39557.95206549709 39559.11340786805
1173194216.0 1173194891.0 39559.59177066997 39559.64099245198
1173196821.0 1173203041.0 39559.781730287425 39560.235299892025
1173203113.0 1173203665.0 39560.2405502163 39560.28080269461
1173207540.0 1173231582.0 39560.563372185745 39562.31654267905
1173233417.0 1173233454.0 39562.450353003864 39562.45305108676
1173233672.0 1173267234.0 39562.46894790112 39564.916327822575
1173269805.0 1173272929.0 39565.103808122374 39565.33161382122
1173272994.0 1173309702.0 39565.336353697225 39568.013143586046
1173351833.0 1173354361.0 39571.08538491744 39571.26972960387
1173354431.0 1173355391.0 39571.274834086624 39571.3448383976
1173360370.0 1173360750.0 39571.70791284826 39571.73562288783
1173393698.0 1173400847.0 39574.13822922022 39574.65954258039
1173408328.0 1173414737.0 39575.20506576886 39575.67241747395
1173423067.0 1173469555.0 39576.27985072468 39579.669809542735
1173472498.0 1173500029.0 39579.88441651306 39581.892008930416
1173505813.0 1173524179.0 39582.31378490924 39583.653054907205
1173526941.0 1173535269.0 39583.85446314902 39584.46175055822
1173573159.0 1173574008.0 39587.22473325543 39587.286643317704
1173579290.0 1173579561.0 39587.67181287691 39587.69157451225
1173579619.0 1173580476.0 39587.69580393998 39587.758297371285
1173585059.0 1173587082.0 39588.092495041354 39588.240014545896
1173587159.0 1173589111.0 39588.245629474 39588.387971575015
1173590757.0 1173593679.0 39588.507999802285 39588.721075427784
1173595426.0 1173607285.0 39588.84846869318 39589.71324071022
1173611047.0 1173616741.0 39589.98757011112 39590.402783186066
1173641571.0 1173643602.0 39592.21341555456 39592.36151842521
1173644419.0 1173653026.0 39592.421095014266 39593.0487274249
1173659464.0 1173715473.0 39593.51819384386 39597.60243501375
1173715619.0 1173715859.0 39597.6130815009 39597.630582580845
1173716134.0 1173716441.0 39597.65063589922 39597.67302269376
1173716861.0 1173716915.0 39597.703649581475 39597.7075873232
1173720336.0 1173729836.0 39597.957050606026 39598.64980161305
1173729935.0 1173750213.0 39598.657020806735 39600.13571606054
1173753145.0 1173807045.0 39600.34952089662 39604.279971344076
1173812944.0 1173826277.0 39604.71013325758 39605.68239106608
1173826675.0 1173844003.0 39605.71141368527 39606.97499152048
1173847351.0 1173850112.0 39607.21913156119 39607.42046687932
1173852774.0 1173855162.0 39607.614583003735 39607.788718730546
1173855207.0 1173856830.0 39607.7920001825 39607.9103512234
1173859322.0 1173902033.0 39608.09207075064 39611.20660635341
1173906028.0 1173906789.0 39611.49792638011 39611.553419382966
1173919167.0 1173976550.0 39612.456037484306 39616.64047232538
1173985537.0 1173989054.0 39617.295814775585 39617.5522784898
1173989200.0 1173997197.0 39617.56292497988 39618.146075484496
1173997280.0 1174006252.0 39618.15212794011 39618.806376575936
1174006375.0 1174063143.0 39618.815345879666 39622.954934207955
1174065275.0 1174065550.0 39623.110402116756 39623.13045543514
1174069840.0 1174069986.0 39623.44328720723 39623.45393369438
1174073913.0 1174124163.0 39623.740295085714 39627.40458330175
1174127198.0 1174130427.0 39627.625899017476 39627.86136144045
1174131981.0 1174133484.0 39627.97468091937 39628.084281421776
1174133576.0 1174140257.0 39628.09099016717 39628.57817642836
1174172662.0 1174178897.0 39630.94118657225 39631.395849994165
1174180671.0 1174183662.0 39631.52521212896 39631.743319316454
1174185056.0 1174185518.0 39631.84497140874 39631.878660986105
1174192622.0 1174240984.0 39632.396692894334 39635.92330596456
1174257200.0 1174261927.0 39637.10579547414 39637.45049378983
1174265120.0 1174272531.0 39637.683331047745 39638.22374975345
1174276740.0 1174287636.0 39638.53067491147 39639.32522385523
1174289901.0 1174312015.0 39639.49039027832 39641.10296877772
1174355712.0 1174356391.0 39644.28940464304 39644.33891811104
1174356404.0 1174382469.0 39644.339866086826 39646.24055608468
1174388836.0 1174404647.0 39646.70484510011 39647.85780153932
1174407096.0 1174420522.0 39648.036385456144 39649.0154249308
1174423520.0 1174445835.0 39649.23404256364 39650.86127821562
1174449011.0 1174467898.0 39651.09287581761 39652.4701377385
1174471213.0 1174490442.0 39652.71187137936 39654.11407233616
1174493038.0 1174525564.0 39654.30337566382 39656.67520926698
1174536201.0 1174556514.0 39657.45087163045 39658.932119122706
1174559558.0 1174563064.0 39659.15409113117 39659.40975271405
1174564398.0 1174642673.0 39659.5070295371 39665.21493322398
1174644171.0 1174648298.0 39665.324169119616 39665.625114739865
1174659798.0 1174683225.0 39666.46370806507 39668.172032045615
1174685834.0 1174694542.0 39668.362283349066 39668.99728079785
1174694970.0 1174695154.0 39669.028491051664 39669.04190854541
1174697048.0 1174701498.0 39669.18002122164 39669.50452037449
1174701581.0 1174711376.0 39669.51057283302 39670.22483557957
1174713285.0 1174716303.0 39670.36404207311 39670.584118127066
1174718425.0 1174744823.0 39670.7388568253 39672.66382956927
1174770805.0 1174775682.0 39674.55846711153 39674.91410360328
1174778042.0 1174796295.0 39675.08619753699 39676.417227444734
1174816069.0 1174817131.0 39677.85917043154 39677.93661270436
1174819351.0 1174830986.0 39678.0984976755 39678.9469353536
1174880965.0 1174882764.0 39682.59146193722 39682.72264710284
1174885521.0 1174900387.0 39682.923690737895 39684.00773668049
1174924785.0 1174936633.0 39685.78686710627 39686.65083699197
1174938887.0 1174951193.0 39686.81520128374 39687.7125690608
1174953063.0 1174963254.0 39687.848931626984 39688.59207115411
1174966499.0 1174989111.0 39688.82870031516 39690.47759355112
1174991571.0 1175005930.0 39690.6569796022 39691.70405451551
1175008116.0 1175017892.0 39691.86346016897 39692.57633741514
1175026468.0 1175048873.0 39693.2017092704 39694.83550782918
1175056349.0 1175076781.0 39695.38066641089 39696.870591520885
1175080906.0 1175092754.0 39697.1713912996 39698.035361188246
1175095211.0 1175110721.0 39698.214528474105 39699.34553564334
1175114102.0 1175115506.0 39699.59208208098 39699.69446338675
1175124884.0 1175185602.0 39700.378318010815 39704.80594491681
1175188914.0 1175213498.0 39705.047459792455 39706.84015355643
1175226600.0 1175241286.0 39707.7955665748 39708.86648670964
1175254842.0 1175270155.0 39709.85500593338 39710.97164763602
1175272976.0 1175278311.0 39711.17735822338 39711.56639260357
1175291233.0 1175305944.0 39712.50867981712 39713.58142297982
1175307788.0 1175346166.0 39713.715889594445 39716.514457817655
1175387900.0 1175389791.0 39719.55774945061 39719.69564336162
1175390314.0 1175407684.0 39719.73378112605 39721.00042165091
1175417166.0 1175437180.0 39721.6918600754 39723.15130414217
1175440952.0 1175458673.0 39723.426362753635 39724.7185986042
1175459072.0 1175482209.0 39724.74769414708 39726.434870991936
1175555219.0 1175557566.0 39731.75884477844 39731.92999073636
1175559003.0 1175573828.0 39732.034778441994 39733.11583461572
1175576431.0 1175577939.0 39733.30564839165 39733.415613500794
1175578372.0 1175590801.0 39733.44718836136 39734.35352544216
1175592587.0 1175607111.0 39734.48376262905 39735.54286953867
1175608134.0 1175608441.0 39735.61746788118 39735.63985467866
1175613195.0 1175622304.0 39735.98652186669 39736.65076069987
1175650658.0 1175653529.0 39738.71836722792 39738.927723873974
1175653827.0 1175661952.0 39738.94945438164 39739.5419387938
1175664974.0 1175674873.0 39739.76230653376 39740.48415308364
1175681408.0 1175693190.0 39740.96069285475 39741.819849943706
1175696574.0 1175705338.0 39742.06661514361 39742.7056961786
1175707280.0 1175713577.0 39742.847309069075 39743.306493604694
1175713726.0 1175713877.0 39743.317358857064 39743.328369950956
1175714157.0 1175714177.0 39743.34878787609 39743.35024630015
1175714372.0 1175726430.0 39743.364465925224 39744.24374925624
1175730193.0 1175761379.0 39744.51815157497 39746.79227082466
1175763829.0 1175771198.0 39746.97092766224 39747.50828368124
1175773467.0 1175787566.0 39747.673741790306 39748.701857205466
1175789620.0 1175805751.0 39748.85163726247 39750.02792847199
1175809042.0 1175826553.0 39750.267912005744 39751.544834413944
1175829132.0 1175861678.0 39751.73289807983 39754.10619010705
1175864533.0 1175894548.0 39754.31438001502 39756.503108587654
1175896934.0 1175901246.0 39756.67709847294 39756.99153450767
1175902741.0 1175902793.0 39757.10055164104 39757.10434354125
1175908888.0 1175920868.0 39757.548798003525 39758.42239348276
1175924115.0 1175925233.0 39758.65916848241 39758.740694338485
1175927593.0 1175948595.0 39758.91278827219 39760.44427844595
1175951739.0 1175954199.0 39760.673542565935 39760.852928617016
1175954245.0 1175954431.0 39760.85628298973 39760.86984632499
1175987192.0 1175993268.0 39763.25881640135 39763.70188536032
1175995421.0 1175995573.0 39763.85888461393 39763.86996863153
1176003108.0 1176007600.0 39764.419429561734 39764.74699140423
1176007616.0 1176008256.0 39764.748158145245 39764.794827685895
1176008272.0 1176009968.0 39764.795994423956 39764.91966870991
1176009984.0 1176013616.0 39764.92083544799 39765.18568509395
1176013632.0 1176017952.0 39765.186851834966 39765.50187123875
1176017968.0 1176018608.0 39765.50303797682 39765.549707517464
1176018624.0 1176019248.0 39765.55087425847 39765.59637706106
1176019264.0 1176019312.0 39765.59754379913 39765.601044013354
1176019328.0 1176020960.0 39765.60221075143 39765.72121808508
1176020976.0 1176021136.0 39765.722384823144 39765.73405220685
1176021152.0 1176021200.0 39765.735218944916 39765.73871916209
1176021216.0 1176022032.0 39765.739885900155 39765.799389565516
1176022048.0 1176022336.0 39765.80055630359 39765.82155759776
1176022352.0 1176028295.0 39765.82272433584 39766.25609478052
1176031689.0 1176031853.0 39766.50358919395 39766.515548263626
1176035500.0 1176048028.0 39766.78149172983 39767.69504800432
1176161618.0 1176192494.0 39775.978162402644 39778.22967609549
1176196960.0 1176214183.0 39778.55534198934 39779.81126310337
1176215133.0 1176240003.0 39779.88053820377 39781.69408741747
1176240818.0 1176243552.0 39781.753518162055 39781.95288460783
1176246666.0 1176255832.0 39782.17996109612 39782.84835643626
1176258787.0 1176262901.0 39783.06383845867 39783.363836106066
1176268867.0 1176280682.0 39783.7988837371 39784.66044722589
1176289567.0 1176294583.0 39785.308351720145 39785.67412425076
1176300290.0 1176339849.0 39786.09028530149 39788.97497341232
1176342081.0 1176350521.0 39789.13773343848 39789.75318801715
1176352582.0 1176372510.0 39789.90347852536 39791.356651374226
1176395856.0 1176423311.0 39793.05906874068 39795.061119147795
1176425174.0 1176441427.0 39795.19697126863 39796.382158858185
1176450667.0 1176472221.0 39797.0559503612 39798.62769301326
1176476070.0 1176489508.0 39798.90836655283 39799.88828108253
1176497736.0 1176516601.0 39800.48827637435 39801.863934029636
1176518959.0 1176531375.0 39802.03588212182 39802.94127122684
1176533644.0 1176553682.0 39803.10672933591 39804.56792350978
1176595907.0 1176596024.0 39807.64701943102 39807.65555120723
1176598899.0 1176607335.0 39807.86519953634 39808.480362431954
1176609893.0 1176622774.0 39808.66689475303 39809.60619219767
1176625291.0 1176652815.0 39809.7897347528 39811.79681672187
1176678262.0 1176680838.0 39813.652441444676 39813.84028634828
1176684149.0 1176696391.0 39814.08172830315 39814.97442912792
1176698654.0 1176703193.0 39815.13944970947 39815.47043884837
1176705963.0 1176722651.0 39815.67243045628 39816.88933875084
1176724139.0 1176739227.0 39816.997845433 39818.09807987594
1176755414.0 1176764180.0 39819.27845466874 39819.91768154524
1176764853.0 1176778140.0 39819.9667574828 39820.93566091861
1176786440.0 1176803591.0 39821.54090653471 39822.791577324446
1176804232.0 1176810808.0 39822.838319785864 39823.31784932587
1176812777.0 1176841986.0 39823.46143108573 39825.5913852065
1176846827.0 1176847623.0 39825.94439653612 39826.00244177741
1176848015.0 1176858687.0 39826.03102687201 39826.80924147685
1176860565.0 1176886854.0 39826.946187412075 39828.86321174887
1176889021.0 1176902820.0 39829.02123189903 39830.027470965004
1176907015.0 1176922463.0 39830.333375226466 39831.459861282
1176922521.0 1176952451.0 39831.46409070971 39833.64662098521
1176959011.0 1177018954.0 39834.12498378713 39838.49609679372
1177026739.0 1177049132.0 39839.063788011495 39840.69671151525
1177074678.0 1177105792.0 39842.55955543173 39844.828424360065
1177123526.0 1177164045.0 39846.12160818643 39849.07630060823
1177209746.0 1177223293.0 39852.40887047479 39853.396733411675
1177225925.0 1177258288.0 39853.58866190147 39855.94860935571
1177281673.0 1177329086.0 39857.65387064661 39861.11128153719
1177331081.0 1177333845.0 39861.25675924864 39861.45831333196
1177369164.0 1177369720.0 39864.03381572938 39864.074359893675
1177370095.0 1177392014.0 39864.101705329434 39865.70006420375
1177394964.0 1177406720.0 39865.91518162236 39866.77244275973
1177409232.0 1177418668.0 39866.95562071102 39867.64370476282
1177434057.0 1177435023.0 39868.76588847277 39868.83633031126
1177435264.0 1177447339.0 39868.85390431197 39869.73442730184
1177520308.0 1177541571.0 39875.05541131946 39876.605933912135
1177654078.0 1177656082.0 39884.81007469869 39884.95620869993
1177658597.0 1177672783.0 39885.13960541352 39886.174064970284
1177733102.0 1177768904.0 39890.57259633339 39893.18331965007
1177796486.0 1177803875.0 39895.19463104687 39895.73344548699
1177811496.0 1177821013.0 39896.28917763509 39896.983168300954
1177824246.0 1177825129.0 39897.21892240697 39897.283311789855
1177839098.0 1177885000.0 39898.30194745303 39901.649174475104
1177980643.0 1177982480.0 39908.6235728424 39908.75752900874
1177985323.0 1177988569.0 39908.964843864625 39909.2015459435
1178019619.0 1178027606.0 39911.46574791659 39912.04816921065
1178029473.0 1178031437.0 39912.18431301455 39912.327530170616
1178066630.0 1178067037.0 39914.893844502025 39914.923523413934
1178071712.0 1178084110.0 39915.26442982941 39916.16850635483
1178086457.0 1178088584.0 39916.33965231274 39916.494755617714
1178089999.0 1178090173.0 39916.59793905776 39916.61062733801
1178106583.0 1178109466.0 39917.807263548966 39918.01749525004
1178112398.0 1178140501.0 39918.23130008611 39920.28060340582
1178145614.0 1178193208.0 39920.653449288606 39924.124058910646
1178196470.0 1178209034.0 39924.3619277276 39925.27810916422
1178209133.0 1178254018.0 39925.28532836083 39928.55839456203
1178269976.0 1178285786.0 39929.722070409145 39930.874953927574
1178287456.0 1178287618.0 39930.99673226195 39931.0085454901
1178287651.0 1178290830.0 39931.01095188702 39931.24276825131
1180982425.0 1180995430.0 40127.51699400637 40128.46533367551
1180998096.0 1181022604.0 40128.65974148298 40130.44689323671
1181029950.0 1181030949.0 40130.98257206935 40131.05542030476
1181047872.0 1181057422.0 40132.289465072514 40132.98586213528
1181092302.0 1181092427.0 40135.529352147576 40135.5384672899
1181092531.0 1181107149.0 40135.54605109032 40136.612012586884
1181113427.0 1181138190.0 40137.06981162214 40138.87555827018
1181143878.0 1181156253.0 40139.290333820536 40140.19273315666
1181172991.0 1181210138.0 40141.41328750991 40144.12208978682
1181239268.0 1181251374.0 40146.24628313503 40147.12906668028
1181254134.0 1181285200.0 40147.33032907764 40149.5956977888
1181290540.0 1181307525.0 40149.98509677574 40151.22366265427
1181326180.0 1181351750.0 40152.58400686718 40154.44860089077
1181355209.0 1181365065.0 40154.70083517726 40155.41954611673
1181369691.0 1181379675.0 40155.75687939724 40156.48492424425
1181383156.0 1181386010.0 40156.738762796325 40156.94687978355
1181390091.0 1181392345.0 40157.24447103108 40157.408835322836
1181445240.0 1181450470.0 40161.26600000445 40161.647377663445
1181453120.0 1181458099.0 40161.840618732844 40162.20369318058
1181476973.0 1181477149.0 40163.58000712861 40163.59284125331
1181477167.0 1181477596.0 40163.59415383291 40163.62543701042
1181480212.0 1181490871.0 40163.81619876215 40164.59346539119
1181500456.0 1181520531.0 40165.292414695345 40166.75630695212
1181529193.0 1181577191.0 40167.3879500282 40170.88801979693
1181577312.0 1181580023.0 40170.8968432562 40171.09453251855
1181615023.0 1181629245.0 40173.646773066415 40174.68385778238
1181640835.0 1181641666.0 40175.52901401147 40175.58961149414
1181641722.0 1181644122.0 40175.593695080344 40175.76870585924
1181644587.0 1181660988.0 40175.80261419888 40176.99859412004
1181666517.0 1181681075.0 40177.40177520454 40178.46336143184
1181681173.0 1181689077.0 40178.47050770475 40179.046876543194
1181692782.0 1181696938.0 40179.317049434205 40179.62010976831
1181697009.0 1181730821.0 40179.625287171824 40182.090897383794
1181767534.0 1181776123.0 40184.76805187938 40185.39437171041
1181779748.0 1181845009.0 40185.65871090811 40190.41761863898
1181848883.0 1181851863.0 40190.70011520641 40190.91742025965
1181859793.0 1181889852.0 40191.49568504674 40193.68762215055
1181895746.0 1181909723.0 40194.11741946024 40195.13663849244
1181911829.0 1181927865.0 40195.290210452586 40196.45957415148
1181953922.0 1181982263.0 40198.3596807803 40200.42633933257
1181984880.0 1181985668.0 40200.617174005056 40200.674635880256
1181998222.0 1182002508.0 40201.59008810336 40201.90262818946
1182212336.0 1182214346.0 40217.20352904672 40217.35010057547
1182215940.0 1182312478.0 40217.46633690252 40224.505999704794
1182319862.0 1182320009.0 40225.04444954109 40225.055168951934
1182320159.0 1182334734.0 40225.066107125065 40226.128933011205
1182337374.0 1182350176.0 40226.32144487005 40227.25498154215
1182353210.0 1182373480.0 40227.476224337115 40228.954336218965
1182375875.0 1182402821.0 40229.128982394046 40231.09391593326
1182404853.0 1182422273.0 40231.2420917276 40232.51237830822
1182424943.0 1182426063.0 40232.70707780169 40232.7887494993
1182427665.0 1182450915.0 40232.90556919537 40234.60098613338
1182459995.0 1182466733.0 40235.2631102527 40235.754453017915
1182468832.0 1182471466.0 40235.9075145298 40236.09958886113
1182474559.0 1182478039.0 40236.32513400458 40236.5788996359
1182483357.0 1182493245.0 40236.966694357245 40237.68773877288
1182500432.0 1182513309.0 40238.21182313966 40239.15082889832
1182524287.0 1182532816.0 40239.95135737694 40240.57330193872
1182537944.0 1182538732.0 40240.947241641756 40241.00470351401
1182540664.0 1182553787.0 40241.14558719097 40242.10253155417
1182555704.0 1182558444.0 40242.24232141675 40242.44212539004
1182583304.0 1182587250.0 40244.254945393164 40244.542692284886
1182604433.0 1182607274.0 40245.79569655078 40246.0028655622
1182640072.0 1182640251.0 40248.39453372146 40248.407586608446
1182648962.0 1182653018.0 40249.042802819524 40249.33857103918
1182657344.0 1182666817.0 40249.65402797047 40250.34481010516
1182670054.0 1182710105.0 40250.58085589716 40253.50142121703
1182710220.0 1182712447.0 40253.50980715171 40253.67220257114
1182718673.0 1182726561.0 40254.126209703245 40254.70141180362
1182726725.0 1182727538.0 40254.7133708733 40254.77265577637
1182727983.0 1182732812.0 40254.805105691936 40255.157241966546
1182738989.0 1182803613.0 40255.607675960724 40260.32013291325
1182803680.0 1182822817.0 40260.32501863077 40261.720510842155
1182835118.0 1182839696.0 40262.617514012476 40262.9513470758
1182839716.0 1182844687.0 40262.952805499874 40263.315296578556
1182849342.0 1182849389.0 40263.65474457291 40263.65817186637
1182851242.0 1182876756.0 40263.79329477372 40265.65380521111
1182878244.0 1182882987.0 40265.76231189619 40266.108176949965
1182890630.0 1182893526.0 40266.665513366584 40266.876693040525
1182893540.0 1182897724.0 40266.877713937065 40267.18281606426
1182907848.0 1182968079.0 40267.92106987386 40272.31318417463
1182978693.0 1182980413.0 40273.08716935174 40273.21259374479
1182991164.0 1182992670.0 40273.996569119256 40274.10638838395
1182994476.0 1182998512.0 40274.23808399783 40274.53239379342
1183000565.0 1183000954.0 40274.6821009326 40274.710467261975
1183003246.0 1183008871.0 40274.87760255738 40275.28778407328
1183012258.0 1183086110.0 40275.53476803842 40280.92014143894
1183090199.0 1183093428.0 40281.21831605843 40281.45377847848
1183101507.0 1183144269.0 40282.04290851794 40285.16116310016
1183146911.0 1183161428.0 40285.35382080053 40286.412417258936
1183164668.0 1183175579.0 40286.64868181323 40287.44432457432
1183175765.0 1183194810.0 40287.457887909586 40288.846671375584
1183196907.0 1183207449.0 40288.99958704299 40289.76832189876
1183211486.0 1183220809.0 40290.06270461512 40290.742548576665
1183226260.0 1183241630.0 40291.140041812316 40292.260840018986
1183244287.0 1183273716.0 40292.45459153666 40294.60058831038
1183277870.0 1183298457.0 40294.90350280295 40296.404730695765
1183324519.0 1183335264.0 40298.30520192839 40299.08873977827
1183336509.0 1183338263.0 40299.17952662113 40299.30743033187
1183344636.0 1183357910.0 40299.772156877756 40300.740112334846
1184033240.0 1184072323.0 40349.985958342484 40352.83593598234
1184098611.0 1184098651.0 40354.75288739836 40354.75580424355
1184098680.0 1184101352.0 40354.75791895742 40354.95276429242
1184101627.0 1184102995.0 40354.972817610804 40355.07257375739
1184103002.0 1184107052.0 40355.07308420565 40355.368414897806
1184151849.0 1184202810.0 40358.63506403666 40362.35119919685
1184204772.0 1184212989.0 40362.49427051138 40363.09346366894
1184232786.0 1184233099.0 40364.53708384505 40364.55990817002
1184237683.0 1184243995.0 40364.894178760864 40365.354457110865
1184245878.0 1184256570.0 40365.49176765284 40366.27144068175
1184365754.0 1184370179.0 40374.23326445547 40374.55594058337
1184402086.0 1184421027.0 40376.88263598778 40378.26383565333
1184462587.0 1184475183.0 40381.294439003104 40382.21295391588
1184479264.0 1184528381.0 40382.51054516341 40386.09221370898
1184537237.0 1184538428.0 40386.738003489365 40386.824852587546
1184538452.0 1184539877.0 40386.8266026976 40386.93051534821
1184540344.0 1184558102.0 40386.96456952938 40388.259503462854
1184563526.0 1184566385.0 40388.65502782616 40388.863509417184
1184567976.0 1184577384.0 40388.97952698193 40389.66556924062
1184581315.0 1184604592.0 40389.95222231502 40391.64960812243
1184608167.0 1184608485.0 40391.91030126436 40391.933490193165
1184610648.0 1184612256.0 40392.09121866029 40392.208475880936
1184612306.0 1184612977.0 40392.21212193963 40392.2610520386
1184615860.0 1184616790.0 40392.47128373675 40392.53910041602
1184616813.0 1184625909.0 40392.54077760238 40393.20406845977
1184648800.0 1184682939.0 40394.873306700094 40397.3627621336
1184687955.0 1184688494.0 40397.728534664224 40397.76783916967
1184688520.0 1184689546.0 40397.76973511831 40397.844552226044
1184689570.0 1184702340.0 40397.8463023361 40398.777505529106
1184720612.0 1184734466.0 40400.10992093722 40401.120170668626
1184738828.0 1184753514.0 40401.43825276206 40402.50917289689
1184766352.0 1184769174.0 40403.44533473114 40403.65111823927
1184780153.0 1184784541.0 40404.451719638644 40404.771697683645
1184794970.0 1184796476.0 40405.532192446255 40405.64201171094
1184798166.0 1184812366.0 40405.76524846938 40406.80072891975
1184843190.0 1184854322.0 40409.04845071239 40409.860209050115
1184857169.0 1184864856.0 40410.067815586124 40410.62836053392
1184867933.0 1184914219.0 40410.8527389393 40414.22796768401
1184916631.0 1184926575.0 40414.403853517935 40415.12898151683
1184930810.0 1184975570.0 40415.43780262349 40418.70175368238
1184979977.0 1184980232.0 40419.02311722775 40419.04171212206
1184982205.0 1185009051.0 40419.18558556792 40421.14322698976
1185083105.0 1185102412.0 40426.54333046655 40427.95121927513
1185144018.0 1185154003.0 40430.9851769976 40431.7132947654
1185157515.0 1185160869.0 40431.969393872874 40432.213971441095
1185179383.0 1185209255.0 40433.56403377067 40435.74233461843
1185210951.0 1185212380.0 40435.866008901445 40435.970213238055
1185244709.0 1185258236.0 40438.32768137462 40439.314085884485
1185258283.0 1185307302.0 40439.3175131809 40442.89203545061
1185335781.0 1185380560.0 40444.96875712392 40448.234093683175
1185382893.0 1185395109.0 40448.404218747484 40449.29502362068
1185422899.0 1185454498.0 40451.32150261541 40453.62573830451
1185456195.0 1185480149.0 40453.74948551122 40455.49623894217
1185502632.0 1185509871.0 40457.13572534981 40457.66360161681
1185511780.0 1185566556.0 40457.80280811037 40461.79713748951
1185582175.0 1185583816.0 40462.93609306592 40463.05575668643
1185583939.0 1185609176.0 40463.06472599016 40464.90503726762
1185615253.0 1185631465.0 40465.34817914737 40466.530376970964
1185657012.0 1185657618.0 40468.3932938082 40468.43748403118
1185658405.0 1185661973.0 40468.494872982665 40468.75505567633
1185663125.0 1185667694.0 40468.83906085009 40469.17223762361
1185667824.0 1185686036.0 40469.18171737561 40470.50975751447
1185688132.0 1185692843.0 40470.662600264055 40471.00613184167
1185694830.0 1185703716.0 40471.15102618408 40471.799003596156
1185706559.0 1185714094.0 40472.00631845205 40472.555779382245
1185717213.0 1185725681.0 40472.783220474346 40473.40071684611
1185752703.0 1185764510.0 40475.37119239266 40476.23217250947
1185766527.0 1185813600.0 40476.37925448651 40479.81187218271
1185834803.0 1185841805.0 40481.35801950906 40481.86861346133
1185844430.0 1185852416.0 40482.060031502864 40482.64237987323
1185859289.0 1185877299.0 40483.143566997176 40484.4568770627
1185884855.0 1185898649.0 40485.00786933772 40486.01374379696
1185908557.0 1185909698.0 40486.73624663666 40486.819449679075
1185911226.0 1185912267.0 40486.930873209356 40487.00678413441
1185917123.0 1185917208.0 40487.360889281335 40487.36708757847
1185919458.0 1185919620.0 40487.53116018717 40487.54297341533
1185919760.0 1185924698.0 40487.55318237496 40487.913267056734
1185927650.0 1185927743.0 40488.12853031686 40488.13531198596
1185928394.0 1185935429.0 40488.18278365794 40488.69578401006
1185938678.0 1185961201.0 40488.93270485417 40490.575108107
1185963700.0 1185999076.0 40490.75733808251 40493.336996986895
1186004105.0 1186037161.0 40493.703717493314 40496.11419931211
1186037177.0 1186054458.0 40496.11536605018 40497.375516591936
1186058184.0 1186061164.0 40497.64722082777 40497.864525881
1186062778.0 1186081491.0 40497.982220629165 40499.346794269804
1186091991.0 1186095021.0 40500.11246643593 40500.33341754492
1186097762.0 1186097841.0 40500.53329444189 40500.539055211506
1186099167.0 1186107558.0 40500.63574866844 40501.24763010919
1186108971.0 1186119406.0 40501.35066770771 40502.111599997836
1186124539.0 1186181960.0 40502.485904304674 40506.6731101494
1186192126.0 1186192196.0 40507.41442664572 40507.419531128464
1186192238.0 1186201220.0 40507.42259381518 40508.077571661575
1186203173.0 1186235395.0 40508.21998668631 40510.569652257225
1186295197.0 1186295229.0 40514.93048338049 40514.93281685664
1186295253.0 1186304056.0 40514.93456696375 40515.57649192316
1186307186.0 1186329783.0 40515.804735149526 40517.452534571086
1186352757.0 1186418824.0 40519.127825267016 40523.945507449745
1186447247.0 1186460392.0 40526.01814553686 40526.97669416857
1186461993.0 1186490404.0 40527.09344094095 40529.165203978904
1186492564.0 1186499610.0 40529.3227136808 40529.83651616424
1186525342.0 1186528323.0 40531.71292341598 40531.93030138998
1186531497.0 1186546595.0 40532.161753147506 40533.26271679809
1186549117.0 1186561209.0 40533.44662395995 40534.32838660866
1186567274.0 1186609762.0 40534.7706534363 40537.868927620904
1186642718.0 1186664343.0 40540.27211732233 40541.849037374974
1186670535.0 1186676275.0 40542.300565189405 40542.71913263997
1186678228.0 1186679836.0 40542.86154766176 40542.978804885366
1186683520.0 1186694319.0 40543.247446434485 40544.03492202317
1186696763.0 1186707551.0 40544.21314133618 40544.999814793526
1186711196.0 1186719875.0 40545.26561241822 40545.89849515313
1186723943.0 1186733722.0 40546.195138424875 40546.90823443628
1186735200.0 1186767947.0 40547.01601190787 40549.40396108767
1186772033.0 1186818068.0 40549.70191693902 40553.058842475395
1186823203.0 1186840847.0 40553.433292623755 40554.71991354625
1186876228.0 1186876541.0 40557.29993705445 40557.32276137944
1186878951.0 1186893398.0 40557.49850137183 40558.551993347486
1186896637.0 1186939867.0 40558.78818498103 40561.94056666518
1186953082.0 1187001383.0 40562.904219776705 40566.42638465399
1187004229.0 1187018570.0 40566.63391827217 40567.67968060587
1187020362.0 1187020428.0 40567.810355323214 40567.815168119974
1187020514.0 1187020665.0 40567.821439337866 40567.8324504347
1187021292.0 1187021342.0 40567.87817199955 40567.881818058246
1187021434.0 1187021509.0 40567.88852680365 40567.89399589021
1187021617.0 1187021749.0 40567.901871376635 40567.91149697016
1187023759.0 1187039543.0 40568.05806849891 40569.20905606578
1187041639.0 1187048799.0 40569.361898812436 40569.8840143098
1187050446.0 1187052165.0 40570.00411545783 40570.12946692718
1187053501.0 1187061744.0 40570.22688959469 40570.827978706766
1187083263.0 1187124168.0 40572.397169117445 40575.380009106324
1187127296.0 1187141919.0 40575.60810649117 40576.67443259447
1187143810.0 1187144700.0 40576.81232650255 40576.87722633371
1187150318.0 1187225085.0 40577.28689740425 40582.73899366673
1187227032.0 1187232088.0 40582.88097116101 40583.24966053976
1187242738.0 1187243530.0 40584.026270876086 40584.08402443432
1187247638.0 1187276790.0 40584.38358455418 40586.50938216799
1187278803.0 1187300384.0 40586.65617246198 40588.22988398345
1187304896.0 1187307748.0 40588.55890424999 40588.76687539568
1187310864.0 1187312021.0 40588.994097725496 40589.078467506
1187313588.0 1187353744.0 40589.19273496071 40592.120957004685
1187356678.0 1187360177.0 40592.334907682285 40592.590058816895
1187366006.0 1187440027.0 40593.015116250586 40598.41281332753
1187441993.0 1187443322.0 40598.55617632511 40598.653088544335
1187483745.0 1187494760.0 40601.60078053767 40602.40400709918
1187499243.0 1187517064.0 40602.73091265188 40604.030440619834
1187523988.0 1187600981.0 40604.53534672032 40610.14976548144
1187605445.0 1187605470.0 40610.47528553378 40610.47710856165
1187605757.0 1187605809.0 40610.49803693507 40610.50182883527
1187606122.0 1187606810.0 40610.524653157336 40610.57482291514
1187609751.0 1187617290.0 40610.789284041006 40611.33903665719
1187618770.0 1187619133.0 40611.446959970315 40611.47343035105
1187619153.0 1187627225.0 40611.47488877512 40612.06350836629
1187634942.0 1187651494.0 40612.62624094579 40613.83323196376
1187652923.0 1187656722.0 40613.937436297434 40614.214463781245
1187681295.0 1187681350.0 40616.00635540802 40616.01036607346
1187681364.0 1187693288.0 40616.01138697001 40616.88089886304
1187695571.0 1187733618 40617.047377868665 40619.82180918728
