GPSstart	GPSend	GMSTstart	GMSTend
1238166018.0	1238170549.0	39719.914896872535	39720.06024970227
1238170954.0	1238172929.0	39720.073241954764	39720.13659923543
1238172987.0	1238196793.0	39720.13845985431	39720.90214766377
1238198080.0	1238215142.0	39720.94343415502	39721.49077690076
1238227174.0	1238232306.0	39721.87675907851	39722.041391769344
1238235751.0	1238239667.0	39722.15190611462	39722.27752996835
1238245131.0	1238252455.0	39722.452813098265	39722.68776435075
1238290519.0	1238292971.0	39723.908843607205	39723.98750287415
1238292998.0	1238308337.0	39723.988369024315	39724.4804385576
1238318337.0	1238344470.0	39724.80123491543	39725.63957203736
1238350866.0	1238357139.0	39725.84475338783	39726.0459889431
1238368387.0	1238374369.0	39726.406820686396	39726.59872106765
1238383560.0	1238383899.0	39726.89356500014	39726.904439996666
1238384700.0	1238412533.0	39726.930135784925	39727.82300828769
1238412673.0	1238440687.0	39727.827499436695	39728.726178353536
1238450550.0	1238479684.0	39729.042579801266	39729.97718791018
1238480945.0	1238519915.0	39730.0176403309	39731.267783737385
1238528523.0	1238535532.0	39731.54392524221	39731.76877140941
1238538791.0	1238538970.0	39731.87331894243	39731.879061197236
1238543229.0	1238543356.0	39732.01568836604	39732.01976247979
1238546544.0	1238555462.0	39732.12203235866	39732.40811855058
1238561172.0	1238619975.0	39732.5912932709	39734.477672093875
1238633668.0	1238636182.0	39734.91693854666	39734.99758675102
1238636322.0	1238672700.0	39735.002077900026	39736.16907089056
1238672772.0	1238687597.0	39736.171380624335	39736.646961224826
1238691231.0	1238697794.0	39736.763538621264	39736.974077270905
1238700880.0	1238724601.0	39737.073075026936	39737.834036067354
1238725606.0	1238758204.0	39737.86627610132	39738.91200806858
1238758276.0	1238773286.0	39738.91431780236	39739.39583313547
1238773470.0	1238775952.0	39739.40173578846	39739.48135744447
1238775984.0	1238785197.0	39739.482383992814	39739.77793367729
1238790677.0	1238791932.0	39739.95373008138	39739.99399002429
1238792260.0	1238819101.0	39740.00451214483	39740.86556164889
1238819843.0	1238833576.0	39740.88936473864	39741.32991437685
1238834630.0	1238856499.0	39741.36372631297	39742.06527586792
1238908060.0	1238908158.0	39743.71933396855	39743.722477772855
1238908201.0	1238910359.0	39743.7238571972	39743.79308505121
1238918962.0	1238930392.0	39744.06906615786	39744.435736394866
1238938360.0	1238942103.0	39744.691346932785	39744.81142100952
1238955200.0	1238959424.0	39745.23156799938	39745.36707238093
1238966517.0	1238971467.0	39745.59461323754	39745.75340743467
1238973057.0	1238979204.0	39745.804414055565	39746.00160757673
1238981086.0	1238987166.0	39746.06198145127	39746.257025636834
1238990514.0	1238993507.0	39746.36442825744	39746.460442607335
1238993549.0	1238995065.0	39746.46178995204	39746.51042267989
1238996638.0	1239007189.0	39746.56088394697	39746.89935618413
1239009856.0	1239010368.0	39746.98491257276	39747.00133734628
1239010425.0	1239044583.0	39747.00316588552	39748.09894208461
1239059786.0	1239083006.0	39748.58664878743	39749.33153793032
1239087140.0	1239103228.0	39749.46415514465	39749.980252325135
1239103364.0	1239106302.0	39749.9846151556	39750.07886512553
1239127044.0	1239140924.0	39750.74426093095	39751.18952627562
1239149500.0	1239153689.0	39751.4646412321	39751.5990228264
1239153848.0	1239201390.0	39751.60412348849	39753.129253532905
1239201471.0	1239208793.0	39753.1318519834	39753.36673907661
1239213615.0	1239232125.0	39753.521427080355	39754.11522113871
1239244940.0	1239253498.0	39754.52632167128	39754.80085919431
1239263053.0	1239288926.0	39755.10738011422	39755.93737653085
1239295624.0	1239318836.0	39756.15224593132	39756.896878437125
1239322378.0	1239341782.0	39757.010504507074	39757.632977759815
1239348722.0	1239398850.0	39757.855610432154	39759.46369841471
1239430170.0	1239430250.0	39760.46843260744	39760.4709989783
1239430804.0	1239449340.0	39760.48877109653	39761.08339922541
1239449412.0	1239461138.0	39761.08570895919	39761.461874768385
1239483766.0	1239491090.0	39762.18777276689	39762.422724019365
1239497816.0	1239502455.0	39762.638491649646	39762.78730908005
1239515967.0	1239554135.0	39763.22076911875	39764.445184657336
1239554617.0	1239566422.0	39764.460647041786	39764.83934714221
1239594591.0	1239599277.0	39765.74299840259	39765.893323575874
1239619579.0	1239636444.0	39766.54460434154	39767.085627399036
1239672090.0	1239685815.0	39768.22913809617	39768.669431097296
1239685979.0	1239687649.0	39768.67469215757	39768.72826514932
1239687766.0	1239717536.0	39768.73201846671	39769.687029223984
1239717541.0	1239719507.0	39769.687189622164	39769.75025818611
1239720016.0	1239726069.0	39769.766586720725	39769.96076475613
1239726377.0	1239743998.0	39769.970645283945	39770.535920546085
1239757903.0	1239768918.0	39770.981987881656	39771.33534506981
1239795018.0	1239822414.0	39772.172623563754	39773.05147726568
1239822694.0	1239823209.0	39773.0604595637	39773.07698057613
1239823328.0	1239836416.0	39773.08079805279	39773.50065632592
1239840671.0	1239878684.0	39773.63715517618	39774.85659837122
1239878705.0	1239878711.0	39774.85727204357	39774.85746452138
1239878773.0	1239918470.0	39774.8594534588	39776.13291876049
1239920069.0	1239923888.0	39776.18421409811	39776.30672622717
1239940651.0	1239993538.0	39776.84447716181	39778.54107285949
1240037821.0	1240065159.0	39779.961655370884	39780.83864845393
1240065469.0	1240066047.0	39780.848593141025	39780.867135170505
1240104659.0	1240111574.0	39782.10579406738	39782.32762474882
1240124192.0	1240141509.0	39782.73240559314	39783.287928646
1240146663.0	1240160231.0	39783.45326708882	39783.888523587135
1240189772.0	1240214164.0	39784.836188107816	39785.61867458384
1240219851.0	1240249072.0	39785.801111472545	39786.73851050977
1240266407.0	1240275368.0	39787.294610996076	39787.582076612336
1240275999.0	1240277858.0	39787.60231886251	39787.66195490544
1240279910.0	1240285184.0	39787.72778231806	39787.89697031718
1240285233.0	1240331166.0	39787.89854221934	39789.372056129774
1240335696.0	1240342595.0	39789.51737687988	39789.738694287145
1240345870.0	1240352951.0	39789.843755094334	39790.07091099532
1240360860.0	1240371200.0	39790.32462883473	39790.65633226873
1240371241.0	1240374780.0	39790.6576475338	39790.77117736483
1240374889.0	1240398780.0	39790.77467404514	39791.54108862364
1240398852.0	1240425610.0	39791.54339835742	39792.401785251706
1240546514.0	1240606748.0	39796.28034153647	39798.21262631825
1240606814.0	1240613059.0	39798.21474357421	39798.41508089968
1240613086.0	1240621302.0	39798.41594704984	39798.67951333744
1240624017.0	1240624399.0	39798.76660954859	39798.77886396946
1240624412.0	1240670803.0	39798.779281004725	39800.26748738836
1240698508.0	1240763989.0	39801.156253697736	39803.256860328474
1240764331.0	1240772399.0	39803.26783156391	39803.52665006541
1240781985.0	1240786108.0	39803.834165454035	39803.96642979237
1240795605.0	1240814243.0	39804.2710900934	39804.86899034514
1240821139.0	1240844083.0	39805.090211513496	39805.826246676916
1240849944.0	1240853585.0	39806.014265422236	39806.131067376125
1240853610.0	1240855236.0	39806.13186936702	39806.184030854805
1240860330.0	1240867962.0	39806.34744451949	39806.59227629979
1240872261.0	1240919356.0	39806.730186654015	39808.24097710124
1240919428.0	1240940544.0	39808.243286835015	39808.92068042422
1240940621.0	1240961211.0	39808.92315055618	39809.58367025696
1240961309.0	1241002495.0	39809.586814061266	39810.90804594064
1241002600.0	1241011102.0	39810.9114143024	39811.18415536583
1241068861.0	1241073789.0	39813.037043049044	39813.19513149418
1241073881.0	1241074723.0	39813.19808282067	39813.225093874
1241088652.0	1241092348.0	39813.671931120836	39813.79049745469
1241092420.0	1241093422.0	39813.79280718847	39813.82495098352
1241093492.0	1241123810.0	39813.82719655803	39814.79978695571
1241123878.0	1241175681.0	39814.80196837094	39816.46378974343
1241175793.0	1241178492.0	39816.46738266264	39816.55396559962
1241178564.0	1241196917.0	39816.556275333394	39817.145032888926
1241197660.0	1241214224.0	39817.16886805832	39817.70023514543
1241242959.0	1241243122.0	39818.62204347967	39818.627272460304
1241243169.0	1241275548.0	39818.62878020318	39819.66748673021
1241302060.0	1241309944.0	39820.51798203411	39820.77089788262
1241310397.0	1241334204.0	39820.78542995763	39821.54914984673
1241366461.0	1241372418.0	39822.583942658195	39822.77504104855
1241374158.0	1241376164.0	39822.83085961482	39822.8952113642
1241376243.0	1241376347.0	39822.89774565543	39822.90108193755
1241381956.0	1241382706.0	39823.08101661466	39823.1050763415
1241390460.0	1241391237.0	39823.35382183736	39823.37874771436
1241393338.0	1241397900.0	39823.44614702914	39823.59249432759
1241402964.0	1241409504.0	39823.7549456032	39823.96474642122
1241417182.0	1241455140.0	39824.21105386477	39825.42873267984
1241469393.0	1241474688.0	39825.88596372866	39826.05582540013
1241476088.0	1241477440.0	39826.10073689023	39826.144108557804
1241482257.0	1241496841.0	39826.298636163374	39826.76648557164
1241502042.0	1241543561.0	39826.93333175735	39828.26524615544
1241546148.0	1241569520.0	39828.34823617322	39829.098001420745
1241569755.0	1241680362.0	39829.105540135155	39832.65377241025
1241689640.0	1241725020.0	39832.95140727105	39834.08638478507
1241739102.0	1241758867.0	39834.53813021617	39835.17218421743
1241758886.0	1241808777.0	39835.17279373051	39836.773278839384
1241810678.0	1241816107.0	39836.83426222701	39837.00842256968
1241816128.0	1241819786.0	39837.00909624203	39837.12644354972
1241820195.0	1241824573.0	39837.13956412076	39837.28000876622
1241831865.0	1241867688.0	39837.51393347035	39838.663122263024
1241868465.0	1241871981.0	39838.68804814002	39838.80084013944
1241872515.0	1241874757.0	39838.817970664946	39838.889893208376
1241934582.0	1241934706.0	39840.809057419116	39840.813035293955
1241934797.0	1241935328.0	39840.81595454081	39840.83298882741
1241935423.0	1241959894.0	39840.836036392815	39841.62105716007
1242071790.0	1242080583.0	39845.210640085694	39845.49271632313
1242080818.0	1242083994.0	39845.50025503754	39845.60213996079
1242107200.0	1242117912.0	39846.346579988785	39846.6902170473
1242117939.0	1242118412.0	39846.69108319746	39846.70625686519
1242118436.0	1242118895.0	39846.70702677645	39846.72175132927
1242118936.0	1242119004.0	39846.723066594335	39846.72524800957
1242119046.0	1242119199.0	39846.726595354274	39846.73150353855
1242119335.0	1242119621.0	39846.73586636902	39846.74504114485
1242119643.0	1242119895.0	39846.745746896835	39846.753830965055
1242119904.0	1242119921.0	39846.75411968178	39846.75466503559
1242119927.0	1242119931.0	39846.7548575134	39846.75498583194
1242119937.0	1242119946.0	39846.75517830976	39846.75546702648
1242119951.0	1242119956.0	39846.75562742466	39846.75578782284
1242119961.0	1242119979.0	39846.75594822102	39846.75652565446
1242119984.0	1242119990.0	39846.75668605264	39846.756878530454
1242119996.0	1242120200.0	39846.75707100827	39846.76361525397
1242120205.0	1242120392.0	39846.76377565215	39846.76977454404
1242122550.0	1242123636.0	39846.83900239806	39846.87384088252
1242124676.0	1242150920.0	39846.90720370373	39847.749101665235
1242151493.0	1242152904.0	39847.76748329654	39847.81274766263
1242178245.0	1242178504.0	39848.62567771302	39848.63398633869
1242181955.0	1242186580.0	39848.744693161774	39848.893061477276
1242189378.0	1242237996.0	39848.982820298195	39850.54246803071
1242238600.0	1242300416.0	39850.56184413073	39852.54487889632
1242300497.0	1242399908.0	39852.547477346816	39855.73654601968
1242400054.0	1242436910.0	39855.741229646505	39856.92355670294
1242437036.0	1242485126.0	39856.92759873705	39858.47030842188
1242522323.0	1242533014.0	39859.66357463411	39860.00653802027
1242533024.0	1242535358.0	39860.00685881663	39860.08173268655
1242535512.0	1242558464.0	39860.08667295046	39860.822964750965
1242558502.0	1242567105.0	39860.82418377712	39861.10016488377
1242567213.0	1242590950.0	39861.10362948443	39861.86510379902
1242593626.0	1242624762.0	39861.95094890438	39862.949780444134
1242630594.0	1242661869.0	39863.13686888002	39864.14015948915
1242673222.0	1242674347.0	39864.5043595942	39864.54044918445
1242677826.0	1242678402.0	39864.65205423735	39864.67053210756
1242681900.0	1242773530.0	39864.782746673525	39867.72220370037
1242773673.0	1242867876.0	39867.72679108828	39870.74878901799
1242877868.0	1242892323.0	39871.06932873873	39871.53303987399
1242926892.0	1242934071.0	39872.64200080338	39872.87230050867
1242934327.0	1242939721.0	39872.880512895434	39873.05355045085
1242940681.0	1242941614.0	39873.0843469012	39873.114277201385
1242945997.0	1242946076.0	39873.254882245026	39873.25741653625
1242947383.0	1242949077.0	39873.29934462022	39873.35368752324
1242959589.0	1242966615.0	39873.69090865459	39873.91630017561
1242966826.0	1242986292.0	39873.92306897876	39874.54753116892
1242997801.0	1243018028.0	39874.91673569715	39875.56561049014
1243053824.0	1243089923.0	39876.71393313265	39877.871975904796
1243090503.0	1243090780.0	39877.89058209355	39877.89946815266
1243117121.0	1243178596.0	39878.74447783883	39880.71657344862
1243217561.0	1243242750.0	39881.96655645692	39882.77461040267
1243254519.0	1243266723.0	39883.152155636206	39883.543655511305
1243266965.0	1243267782.0	39883.551418783165	39883.5776278456
1243278913.0	1243318496.0	39883.93470627151	39885.20451449472
1243318594.0	1243321143.0	39885.20765829903	39885.28942929064
1243330884.0	1243361067.0	39885.60191702281	39886.57017666966
1243393026.0	1243509652.0	39887.595409749665	39891.336729352544
1243518141.0	1243551681.0	39891.60905338071	39892.68500436488
1243560606.0	1243627227.0	39892.97131511425	39895.10849252978
1243627776.0	1243659044.0	39895.12610424982	39896.1291703015
1243668368.0	1243673388.0	39896.428280825545	39896.58932059718
1243673475.0	1243694923.0	39896.59211152549	39897.28015555377
1243734058.0	1243734188.0	39898.53559210016	39898.53976245281
1243736089.0	1243754496.0	39898.600745840435	39899.1912356963
1243754584.0	1243786890.0	39899.19405870425	39900.230423417874
1243819505.0	1243831320.0	39901.27670073895	39901.65572163573
1243831490.0	1243843263.0	39901.66117517381	39902.03884872589
1243843264.0	1243843271.0	39902.03888080553	39902.03910536298
1243843273.0	1243843284.0	39902.03916952225	39902.03952239824
1243843285.0	1243843291.0	39902.03955447788	39902.03974695569
1243843292.0	1243843293.0	39902.03977903533	39902.03981111496
1243843294.0	1243843295.0	39902.0398431946	39902.03987527423
1243843296.0	1243843297.0	39902.03990735387	39902.03993943351
1243843298.0	1243843301.0	39902.03997151314	39902.04006775205
1243843304.0	1243843308.0	39902.04016399096	39902.0402923095
1243843311.0	1243843313.0	39902.04038854841	39902.04045270768
1243843314.0	1243843317.0	39902.040484787314	39902.040581026224
1243843320.0	1243843321.0	39902.04067726513	39902.040709344765
1243843322.0	1243843323.0	39902.040741424404	39902.040773504035
1243843324.0	1243843326.0	39902.040805583674	39902.040869742945
1243843338.0	1243843340.0	39902.041254698575	39902.041318857846
1243843346.0	1243843347.0	39902.04151133566	39902.0415434153
1243843352.0	1243843353.0	39902.04170381348	39902.04173589311
1243843356.0	1243843357.0	39902.04183213202	39902.04186421166
1243844005.0	1243844196.0	39902.06265181564	39902.06877902608
1243850693.0	1243851971.0	39902.27720041976	39902.31819819429
1243855214.0	1243882687.0	39902.42223245314	39903.30355628701
1243882827.0	1243887650.0	39903.308047436025	39903.46276751941
1243888250.0	1243900790.0	39903.482015300884	39903.8842939336
1243908074.0	1243913380.0	39904.11796200065	39904.28817654812
1243913940.0	1243939259.0	39904.30614114416	39905.118365442555
1243944229.0	1243961165.0	39905.277801232405	39905.82110194403
1243961173.0	1243964922.0	39905.82135858112	39905.94162513567
1243964961.0	1243975901.0	39905.94287624146	39906.29382745693
1243981178.0	1243983312.0	39906.46311169496	39906.53156963773
1243983627.0	1243987968.0	39906.541674723	39906.680932421936
1243988023.0	1244076203.0	39906.6826968019	39909.51147908528
1244082982.0	1244221152.0	39909.72894693626	39914.16139021246
1244246160.0	1244254090.0	39914.963637744135	39915.21802925589
1244254183.0	1244295515.0	39915.22101266202	39916.54692816822
1244324426.0	1244325160.0	39917.47438251836	39917.497928971025
1244331126.0	1244367166.0	39917.68931607811	39918.84546615174
1244367284.0	1244380887.0	39918.84925154877	39919.285630834325
1244398860.0	1244404824.0	39919.86219812826	39920.05352107607
1244419982.0	1244450921.0	39920.53978419528	39921.53229604678
1244451005.0	1244463553.0	39921.53499073619	39921.937526006004
1244463704.0	1244464727.0	39921.94237003101	39921.975187498414
1244464826.0	1244471326.0	39921.97836338235	39922.186881014946
1244471450.0	1244485910.0	39922.190858889786	39922.65473042321
1244486000.0	1244498946.0	39922.657617590434	39923.072920555285
1244499330.0	1244507117.0	39923.08523913543	39923.33504325927
1244522894.0	1244535204.0	39923.84116367302	39924.23606398952
1244535298.0	1244537226.0	39924.23907947529	39924.30092901307
1244537372.0	1244566327.0	39924.3056126399	39925.23447849401
1244566465.0	1244566494.0	39925.23890548375	39925.23983579318
1244568254.0	1244568746.0	39925.29629595216	39925.31207913297
1244575527.0	1244580332.0	39925.52961114322	39925.68375379316
1244593947.0	1244669435.0	39926.120518034346	39928.542145580366
1244669640.0	1244672221.0	39928.5487219057	39928.63151944566
1244693651.0	1244697896.0	39929.3189860405	39929.4551640944
1244697943.0	1244697958.0	39929.45667183728	39929.45715303182
1244698008.0	1244702027.0	39929.45875701361	39929.58768506982
1244702169.0	1244736806.0	39929.5922403781	39930.703382722735
1244744921.0	1244757112.0	39930.963708967116	39931.35479180695
1244761794.0	1244788130.0	39931.50498866169	39932.34983794968
1244788213.0	1244789620.0	39932.35250055945	39932.397636607
1244802792.0	1244807593.0	39932.82018956954	39932.974203900936
1244807673.0	1244820721.0	39932.9767702718	39933.3953453595
1244820811.0	1244835563.0	39933.39823252672	39933.871471313796
1244835706.0	1244839270.0	39933.87605870172	39933.99039052365
1244839428.0	1244856444.0	39933.9954591061	39934.54132618859
1244866699.0	1244900041.0	39934.87030285355	39935.93990206984
1244936268.0	1244958208.0	39937.10205103537	39937.80587824446
1244974702.0	1244978500.0	39938.33499975707	39938.45683821377
1244978566.0	1244999680.0	39938.45895546974	39939.13628489967
1244999698.0	1245000697.0	39939.136862333115	39939.16890988926
1245010150.0	1245011644.0	39939.47215868632	39939.52008566218
1245047186.0	1245085593.0	39940.660260077195	39941.89234264873
1245091566.0	1245106596.0	39942.08395431327	39942.566111239095
1245107774.0	1245109698.0	39942.603901050046	39942.66562226929
1245110216.0	1245113978.0	39942.682239520625	39942.802923110445
1245123511.0	1245144303.0	39943.108738278366	39943.775738065575
1245155831.0	1245182744.0	39944.14555210689	39945.00891134473
1245191873.0	1245239057.0	39945.3017663398	39946.8154118746
1245239160.0	1245242924.0	39946.81871607709	39946.93946382618
1245250589.0	1245297325.0	39947.185354234454	39948.68462809243
1245308615.0	1245367937.0	39949.04680718043	39950.94983533437
1245396780.0	1245489278.0	39951.875108269276	39954.84241041997
1245499381.0	1245509177.0	39955.16651098029	39955.480763092426
1245563275.0	1245607573.0	39957.21620722904	39958.637270934974
1245632502.0	1245633577.0	39959.436984175416	39959.471469783886
1245647318.0	1245650209.0	39959.912276059185	39960.00501828623
1245653507.0	1245663106.0	39960.11081692505	39960.41874934894
1245663269.0	1245708628.0	39960.42397832956	39961.87907852907
1245715717.0	1245726883.0	39962.106491067134	39962.46469228029
1245737762.0	1245760519.0	39962.81368663798	39963.543722909504
1245760603.0	1245760902.0	39963.54641759891	39963.556009410015
1245760941.0	1245778114.0	39963.55726051581	39964.10816410112
1245779895.0	1245802851.0	39964.16529793245	39964.90171805149
1245805563.0	1245808245.0	39964.988718023735	39965.0747556069
1245823743.0	1245843456.0	39965.57192580228	39966.20431166248
1245843740.0	1245892608.0	39966.21342227904	39967.78108992051
1245892663.0	1245948361.0	39967.78285430047	39969.56962585434
1245967228.0	1246040115.0	39970.174872342664	39972.51306075601
1246044869.0	1246057897.0	39972.66556734453	39973.083500839515
1246063270.0	1246069246.0	39973.25586472258	39973.44757262602
1246079821.0	1246084359.0	39973.78681477443	39973.932392161616
1246084502.0	1246114202.0	39973.93697954953	39974.8897447323
1246156599.0	1246164817.0	39976.24982505061	39976.51345549748
1246170213.0	1246200896.0	39976.68655721217	39977.67085667691
1246209957.0	1246224616.0	39977.96153025675	39978.431785637695
1246239224.0	1246249992.0	39978.90040495722	39979.24583847533
1246261450.0	1246297011.0	39979.61340694214	39980.75419087023
1246307444.0	1246316282.0	39981.08887771036	39981.37239753142
1246320884.0	1246360449.0	39981.52002801529	39982.78925880507
1246364920.0	1246366645.0	39982.93268685666	39982.98802422838
1246378428.0	1246418571.0	39983.36601857682	39984.65379139607
1246452223.0	1246549997.0	39985.733335299454	39988.86988960855
1246561822.0	1246659651.0	39989.249231301685	39992.387549990744
1246681814.0	1246718717.0	39993.09853095861	39994.28236575793
1246749995.0	1246808840.0	39995.28575260596	39997.173478773635
1246808939.0	1246821882.0	39997.17665465758	39997.591861383524
1246822002.0	1246824022.0	39997.59571093982	39997.660511804104
1246830624.0	1246864299.0	39997.872301559546	39998.95258329455
1246864403.0	1246864657.0	39998.95591957667	39998.96406780416
1246864740.0	1246911722.0	39998.96673041393	40000.47389586231
1246912685.0	1246919603.0	40000.50478855157	40000.72671547192
1246919810.0	1246928500.0	40000.73335595652	40001.01212799148
1246928635.0	1246935074.0	40001.01645874231	40001.22301951713
1246935163.0	1246944553.0	40001.22587460471	40001.527102384716
1246952467.0	1246960362.0	40001.78098062231	40002.03424934682
1246967851.0	1247036503.0	40002.2744937392	40004.476824895006
1247042149.0	1247131971.0	40004.65794651864	40007.53940356398
1247150240.0	1247185818.0	40008.1254664301	40009.26679571201
1247186228.0	1247231563.0	40009.27994836268	40010.73427865092
1247236921.0	1247238624.0	40010.90616133945	40010.96079295919
1247242341.0	1247289039.0	40011.080032965394	40012.578087797214
1247294313.0	1247295779.0	40012.74727579633	40012.79430454239
1247295999.0	1247323929.0	40012.801362062266	40013.69734628969
1247351283.0	1247352233.0	40014.57485264692	40014.60532830091
1247359789.0	1247382671.0	40014.84772202889	40015.58176825489
1247388904.0	1247401153.0	40015.78172062473	40016.17466408343
1247401585.0	1247411041.0	40016.188522486096	40016.49186752206
1247417948.0	1247428814.0	40016.71344156642	40017.06201888884
1247442440.0	1247469545.0	40017.49913600602	40018.36865453394
1247470088.0	1247488206.0	40018.386073776164	40018.96729261729
1247493006.0	1247505925.0	40019.12127486905	40019.53571168374
1247515297.0	1247531446.0	40019.8363620303	40020.35441606856
1247542971.0	1247555584.0	40020.72413387097	40021.128754317106
1247555605.0	1247598326.0	40021.12942798946	40022.49990210976
1247598409.0	1247609167.0	40022.502564719536	40022.84767744129
1247614196.0	1247653888.0	40023.00900592965	40024.282310833165
1247658929.0	1247664208.0	40024.444024277145	40024.613372674445
1247664209.0	1247749610.0	40024.61340475408	40027.35303772963
1247750005.0	1247758312.0	40027.36570918576	40027.632194720216
1247759127.0	1247789517.0	40027.65833962338	40028.63323975483
1247810068.0	1247837756.0	40029.29250834982	40030.18072930539
1247866436.0	1247867293.0	40031.10077325966	40031.12826550753
1247867407.0	1247895467.0	40031.131922586006	40032.03207716609
1247904050.0	1247907156.0	40032.30741668002	40032.407056028766
1247907240.0	1247910264.0	40032.40975071817	40032.50675953678
1247910363.0	1247912067.0	40032.50993542072	40032.564599120094
1247912195.0	1247917160.0	40032.568705313475	40032.72798070514
1247922809.0	1247928353.0	40032.90919856768	40033.08704806847
1247961430.0	1247964303.0	40034.14814618127	40034.24031097488
1247964867.0	1247970123.0	40034.258403889464	40034.42701445514
1247975221.0	1247975791.0	40034.590556438365	40034.60884183076
1248112047.0	1248121393.0	40038.97988468407	40039.2797009601
1248132101.0	1248166473.0	40039.62320970007	40040.72585094122
1248174783.0	1248190587.0	40040.99243271458	40041.4994192785
1248200538.0	1248222434.0	40041.81864373418	40042.52105943929
1248227074.0	1248256984.0	40042.66990894933	40043.62941085561
1248257434.0	1248257699.0	40043.64384669172	40043.6523477952
1248257812.0	1248293660.0	40043.65597279404	40044.80596357761
1248301517.0	1248316295.0	40045.05801327596	40045.532086133564
1248324915.0	1248347145.0	40045.80861259402	40046.52174289749
1248357903.0	1248428214.0	40046.86685561924	40049.12240689081
1248435935.0	1248455991.0	40049.3700937587	40050.013482933966
1248463179.0	1248469306.0	40050.24407135598	40050.44062328443
1248473427.0	1248500420.0	40050.57282346349	40051.43874907219
1248508635.0	1248533196.0	40051.70228328015	40052.49019121463
1248564043.0	1248565672.0	40053.47975173964	40053.53200946633
1248580885.0	1248621975.0	40054.02003696551	40055.33818919984
1248683709.0	1248715845.0	40057.3185934353	40058.34950461084
1248718640.0	1248720747.0	40058.43916719285	40058.50675898545
1248736940.0	1248775747.0	40059.02622452769	40060.27113895354
1248797183.0	1248829995.0	40060.95879802619	40062.011395035515
1248830128.0	1248868672.0	40062.015661627076	40063.252139108714
1248876537.0	1248911712.0	40063.50444544415	40064.632846632834
1248911788.0	1248950082.0	40064.63528468515	40065.86374225785
1248959455.0	1248979949.0	40066.164424684044	40066.82186473979
1248980060.0	1249000165.0	40066.82542557936	40067.47038665679
1249000654.0	1249077952.0	40067.48607359868	40069.96576528547
1249093442.0	1249101026.0	40070.46267884376	40070.70597080154
1249126626.0	1249137946.0	40071.527209477594	40071.890350954665
1249163427.0	1249184524.0	40072.70777215406	40073.38455623019
1249196257.0	1249236401.0	40073.760946596834	40075.04875149572
1249236512.0	1249242224.0	40075.0523123353	40075.235551214886
1249276045.0	1249290506.0	40076.32051657672	40076.78442018978
1249317168.0	1249320302.0	40077.63972743904	40077.740265017586
1249322661.0	1249322972.0	40077.815940878405	40077.82591764513
1249323313.0	1249333328.0	40077.83685680093	40078.1581343533
1249337340.0	1249359522.0	40078.286837852065	40078.99842833301
1249360017.0	1249366444.0	40079.014307752725	40079.22048357191
1249367290.0	1249406610.0	40079.24762294378	40080.508994222786
1249407679.0	1249413184.0	40080.54328735344	40080.719885748425
1249413208.0	1249413729.0	40080.72065565969	40080.73736914993
1249413878.0	1249463906.0	40080.74214901566	40082.34702903463
1249463989.0	1249467853.0	40082.349691644406	40082.473647357074
1249467940.0	1249529441.0	40082.47643828538	40084.4493679657
1249543602.0	1249546631.0	40084.90364768803	40085.000816904816
1249546713.0	1249662942.0	40085.00344743495	40088.73203142243
1249663748.0	1249742752.0	40088.75788760887	40091.292307154305
1249774444.0	1249833703.0	40092.30897497155	40094.20998210844
1249836592.0	1249847058.0	40094.30266017622	40094.63840564433
1249852862.0	1249854687.0	40094.82459585042	40094.883141185725
1249871825.0	1249881718.0	40095.43292198378	40095.750285820584
1250017379.0	1250020744.0	40100.1022412906	40100.21018926501
1250031072.0	1250125353.0	40100.541507743386	40103.566007884685
1250136801.0	1250188781.0	40103.93325555513	40105.60075502315
1250196962.0	1250219087.0	40105.8631985235	40106.57296046521
1250228591.0	1250242090.0	40106.877845323696	40107.310888327134
1250242196.0	1250264374.0	40107.314288768524	40108.02575093093
1250264473.0	1250285415.0	40108.02892681488	40108.70073854745
1250297137.0	1250297174.0	40109.076776038106	40109.07796298463
1250302730.0	1250347516.0	40109.25619744104	40110.69291600924
1250377317.0	1250407423.0	40111.648921235224	40112.61471075012
1250414459.0	1250438597.0	40112.84042306749	40113.61476131603
1250447698.0	1250460530.0	40113.90671808129	40114.31836396767
1250473129.0	1250506298.0	40114.722535298904	40115.786584738205
1250506411.0	1250527682.0	40115.790209737046	40116.472575669795
1250539217.0	1250542586.0	40116.842614268564	40116.95069056151
1250551601.0	1250628515.0	40117.2398884781	40119.70726158475
1250643571.0	1250665615.0	40120.19025258111	40120.897416072316
1250675596.0	1250709538.0	40121.21760291707	40122.30644991483
1250709592.0	1250736210.0	40122.308182215165	40123.16207796045
1250746101.0	1250790000.0	40123.47937763798	40124.887641569236
1250799362.0	1250848768.0	40125.18797111944	40126.77289760496
1250848837.0	1250907339.0	40126.77511109983	40128.651833952434
1250916945.0	1250951947.0	40128.95999093377	40130.08284234546
1250980674.0	1251057621.0	40131.00439404261	40133.47282577724
1251071408.0	1251125150.0	40133.91510771579	40135.63913150206
1251168971.0	1251176417.0	40137.044893221726	40137.28375818977
1251176532.0	1251213312.0	40137.28744734788	40138.467336352
1251213332.0	1251242026.0	40138.46797794472	40139.38847101389
1251242194.0	1251272512.0	40139.393860392694	40140.36645079038
1251273492.0	1251276303.0	40140.397888833446	40140.488064689634
1251282443.0	1251324384.0	40140.685033653346	40142.030485657735
1251324446.0	1251324487.0	40142.03247459516	40142.03378986022
1251324633.0	1251324671.0	40142.038473487046	40142.03969251321
1251325127.0	1251375259.0	40142.05432082713	40143.66253712822
1251382917.0	1251389767.0	40143.90820297905	40144.127948484165
1251400522.0	1251404360.0	40144.47296496702	40144.596086609155
1251420605.0	1251429558.0	40145.11722029246	40145.40442927163
1251445984.0	1251465031.0	40145.931369369006	40146.54239019177
1251476715.0	1251510792.0	40146.91720865626	40148.01038640486
1251523464.0	1251541076.0	40148.416899549506	40148.98188609492
1251554224.0	1251557135.0	40149.4036691462	40149.49705296597
1251584792.0	1251589280.0	40150.38427945283	40150.528252858225
1251591102.0	1251635328.0	40150.58670195463	40152.00545592678
1251643096.0	1251662434.0	40152.25465053755	40152.87500653433
1251675008.0	1251676556.0	40153.278375874674	40153.328035150866
1251676781.0	1251731137.0	40153.335253068915	40155.07897375156
1251741031.0	1251760017.0	40155.396369668	40156.005433632985
1251762852.0	1251804560.0	40156.09637940043	40157.434356849684
1251814193.0	1251859184.0	40157.74337998119	40159.18667487472
1251859255.0	1251907878.0	40159.188952528864	40160.74876065956
1251919283.0	1251963830.0	40161.11462890567	40162.54368044092
1251972715.0	1252038031.0	40162.828708004854	40164.92402149568
1252048104.0	1252057088.0	40165.24715966693	40165.53536311481
1252057161.0	1252081936.0	40165.53770492822	40166.332477904754
1252088808.0	1252125561.0	40166.55292916186	40167.731952015805
1252150173.0	1252161921.0	40168.52149601171	40168.898367572896
1252193644.0	1252211572.0	40169.916029858854	40170.49115356918
1252219759.0	1252224417.0	40170.753789547336	40170.90321649081
1252258720.0	1252267225.0	40172.00364423709	40172.27648153943
1252281103.0	1252289436.0	40172.721682724834	40172.98900232982
1252299925.0	1252411953.0	40173.32548562955	40176.919303067094
1252424078.0	1252443466.0	40177.30826865097	40177.93022862954
1252452763.0	1252453390.0	40178.22847300342	40178.24858693506
1252454576.0	1252483936.0	40178.2866333831	40179.228491489695
1252484022.0	1252540389.0	40179.23125033837	40181.03948316858
1252541508.0	1252556454.0	40181.07538028102	40181.55484251744
1252565498.0	1252603391.0	40181.84497074346	40183.060564382205
1252619166.0	1252660457.0	40183.566620636695	40184.89122087783
1252669871.0	1252702819.0	40185.19321856909	40186.25017840888
1252708431.0	1252720640.0	40186.4302093249	40186.82186959818
1252720937.0	1252733850.0	40186.83139725001	40187.24564158688
1252741898.0	1252765740.0	40187.503818495665	40188.26866117201
1252789238.0	1252802446.0	40189.02246845365	40189.44617628308
1252808729.0	1252816065.0	40189.64773263471	40189.88306884281
1252821414.0	1252833432.0	40190.05466281462	40190.44019587747
1252833461.0	1252858909.0	40190.4411261869	40191.25748875832
1252868191.0	1252872069.0	40191.555251937665	40191.679656765235
1252887145.0	1252890508.0	40192.1632893543	40192.27117316944
1252898302.0	1252970115.0	40192.52120185074	40194.824936735255
1252973904.0	1253035215.0	40194.94648647524	40196.91332102475
1253039127.0	1253048679.0	40197.03881655994	40197.345241240946
1253053967.0	1253074790.0	40197.51487835497	40198.18287261089
1253085510.0	1253187699.0	40198.52676630649	40201.80495220756
1253193975.0	1253260321.0	40202.006284001734	40204.134639517426
1253265612.0	1253300421.0	40204.304372870356	40205.42103291234
1253303959.0	1253316639.0	40205.53453066374	40205.94130044548
1253320278.0	1253332277.0	40206.05803824009	40206.44296178986
1253340532.0	1253371546.0	40206.70777918325	40207.70269700744
1253407015.0	1253459367.0	40208.84052960904	40210.519962701575
1253459611.0	1253462016.0	40210.527790132706	40210.60494165676
1253462086.0	1253465728.0	40210.60718723127	40210.724021264796
1253486980.0	1253507520.0	40211.405777684464	40212.06469340345
1253508094.0	1253542868.0	40212.08310711439	40213.19864436913
1253550921.0	1253555275.0	40213.45698167609	40213.59665641029
1253568048.0	1253593647.0	40214.00640959815	40214.827616194576
1253598464.0	1253645936.0	40214.982143800145	40216.505028270054
1253651815.0	1253717804.0	40216.693624448824	40218.81052753454
1253717892.0	1253809339.0	40218.813350542485	40221.74693699597
1253831006.0	1253831162.0	40222.442006464495	40222.44701088768
1253831248.0	1253836659.0	40222.449769736355	40222.623352645576
1253836758.0	1253838241.0	40222.62652852952	40222.67410262939
1253838349.0	1253838429.0	40222.67756723005	40222.680133600916
1253838819.0	1253839558.0	40222.69264465887	40222.71635150971
1253839694.0	1253839908.0	40222.72071434018	40222.72757938224
1253840045.0	1253847295.0	40222.73197429234	40222.96455165177
1253853771.0	1253870965.0	40223.17229937311	40223.723876630764
1253876683.0	1253885874.0	40223.90730798818	40224.20215192066
1253892200.0	1253966059.0	40224.40508769663	40226.77445751596
1253971430.0	1253976375.0	40226.94675723975	40227.1053910387
